# "ClusterAnalysis.largest_size"
888 
874 
919 
893 
863 
989 
846 
840 
891 
936 
824 
946 
936 
977 
1015 
983 
1014 
1011 
1132 
1069 
1053 
1155 
1106 
1125 
1136 
1149 
1139 
1142 
1200 
1204 
1134 
1230 
1242 
1389 
1308 
1284 
1381 
1365 
1352 
1316 
1298 
1335 
1328 
1463 
1443 
1444 
1524 
1518 
1522 
1511 
1537 
1547 
1565 
1556 
1719 
1652 
1708 
1718 
1666 
1673 
1692 
1707 
1753 
1686 
1740 
1737 
1782 
1791 
1769 
1759 
1822 
1818 
1734 
1815 
1853 
1843 
1875 
1769 
1840 
1888 
1908 
1885 
1878 
1875 
1925 
1899 
1921 
1953 
1955 
1935 
1960 
1950 
1927 
1886 
1861 
1838 
1842 
1914 
1961 
1938 
1939 
1967 
1906 
1974 
1950 
1909 
1953 
1943 
1964 
1982 
1873 
1950 
1954 
1939 
1987 
1918 
2047 
1953 
2026 
2037 
2021 
2010 
2057 
2112 
2077 
2099 
2169 
2133 
2169 
2203 
2111 
2167 
2164 
2177 
2102 
2089 
2106 
2053 
2081 
2136 
2182 
2117 
2092 
2069 
2098 
2111 
2125 
2175 
2166 
2113 
2201 
2170 
2142 
2132 
2143 
2171 
2070 
2033 
2060 
2019 
2072 
2018 
2164 
2128 
2175 
2104 
2033 
2174 
2151 
2226 
2202 
2327 
2243 
2233 
2210 
2271 
2296 
2218 
2126 
2166 
2098 
2177 
2142 
2167 
2109 
2161 
2216 
2232 
2176 
2127 
2170 
2091 
2209 
2165 
2242 
2241 
2216 
2159 
2239 
2205 
2242 
2222 
2292 
2201 
2268 
2376 
2359 
2396 
2421 
2335 
2417 
2349 
2335 
2436 
2470 
2460 
2431 
2493 
2498 
2572 
2478 
2430 
2483 
2456 
2496 
2493 
2444 
2547 
2461 
2520 
2447 
2452 
2511 
2472 
2447 
2441 
2467 
2475 
2475 
2416 
2360 
2394 
2449 
2494 
2403 
2459 
2399 
2437 
2427 
2508 
2509 
2468 
2553 
2502 
2503 
2499 
2554 
2491 
2555 
2514 
2580 
2548 
2576 
2571 
2574 
2592 
2519 
2558 
2629 
2604 
2591 
2572 
2559 
2568 
2638 
2668 
2687 
2660 
2649 
2640 
2618 
2680 
2573 
2650 
2622 
2644 
2637 
2633 
2612 
2665 
2698 
2638 
2667 
2645 
2683 
2672 
2676 
2686 
2740 
2668 
2697 
2653 
2639 
2627 
2674 
2657 
2619 
2656 
2698 
2657 
2689 
2672 
2723 
2629 
2686 
2612 
2741 
2719 
2713 
2741 
2684 
2730 
2693 
2705 
2721 
2728 
2731 
2717 
2789 
2769 
2762 
2721 
2752 
2795 
2771 
2710 
2725 
2740 
2739 
2730 
2749 
2727 
2776 
2767 
2762 
2798 
2728 
2734 
2754 
2721 
2793 
2758 
2814 
2885 
2837 
2785 
2822 
2804 
2794 
2811 
2820 
2810 
2813 
2796 
2822 
2829 
2756 
2791 
2752 
2756 
2712 
2703 
2736 
2675 
2621 
2690 
2722 
2732 
2672 
2676 
2665 
2729 
2701 
2766 
2741 
2701 
2721 
2767 
2741 
2751 
2713 
2725 
2706 
2786 
2806 
2800 
2747 
2799 
2842 
2810 
2815 
