# "ClusterAnalysis.largest_size"
1048 
1091 
1054 
1034 
1004 
1022 
968 
948 
958 
1042 
950 
1051 
1072 
1093 
1115 
1063 
1047 
1162 
1099 
1083 
1039 
1077 
1049 
1047 
1070 
1134 
1135 
1098 
1053 
1008 
1008 
1107 
1108 
1150 
1218 
1212 
1233 
1163 
1239 
1212 
1242 
1282 
1225 
1282 
1328 
1301 
1266 
1237 
1272 
1210 
1243 
1189 
1230 
1207 
1175 
1213 
1204 
1209 
1249 
1158 
1223 
1204 
1242 
1264 
1192 
1200 
1195 
1159 
1172 
1195 
1202 
1183 
1181 
1193 
1187 
1173 
1106 
1165 
1176 
1192 
1166 
1195 
1186 
1212 
1269 
1290 
1353 
1277 
1279 
1322 
1287 
1346 
1319 
1337 
1327 
1432 
1404 
1427 
1371 
1326 
1353 
1400 
1344 
1408 
1459 
1489 
1474 
1357 
1395 
1426 
1446 
1461 
1455 
1473 
1442 
1443 
1466 
1440 
1501 
1521 
1480 
1519 
1510 
1423 
1402 
1484 
1418 
1433 
1470 
1427 
1526 
1526 
1607 
1527 
1548 
1555 
1525 
1559 
1470 
1543 
1581 
1559 
1607 
1675 
1694 
1653 
1600 
1579 
1643 
1595 
1624 
1547 
1651 
1695 
1698 
1688 
1612 
1662 
1710 
1720 
1663 
1719 
1666 
1666 
1671 
1708 
1643 
1567 
1729 
1664 
1671 
1659 
1659 
1700 
1714 
1764 
1654 
1675 
1735 
1693 
1728 
1662 
1674 
1642 
1709 
1658 
1674 
1688 
1657 
1636 
1681 
1718 
1649 
1699 
1711 
1687 
1633 
1673 
1731 
1660 
1625 
1698 
1655 
1670 
1719 
1645 
1675 
1596 
1660 
1664 
1681 
1684 
1674 
1696 
1818 
1893 
1861 
1946 
1899 
1798 
1888 
1855 
1897 
1890 
1879 
1839 
1833 
1824 
1796 
1798 
1803 
1878 
1798 
1861 
1887 
1853 
1897 
1951 
1958 
1959 
2028 
1905 
2018 
1965 
1987 
1981 
1994 
1976 
2008 
2020 
2013 
1990 
1944 
2026 
2017 
1974 
2087 
1948 
1984 
1972 
1904 
1912 
1973 
1930 
1953 
1935 
2064 
2074 
2132 
1985 
2074 
2091 
2020 
2048 
2037 
2029 
2032 
2009 
2083 
2096 
2111 
2070 
2099 
2062 
2096 
2161 
2126 
2210 
2107 
2143 
2186 
2181 
2188 
2155 
2197 
2154 
2190 
2187 
2113 
2149 
2073 
2105 
2079 
2109 
2018 
2117 
1968 
2033 
2127 
2146 
2139 
2115 
2116 
2240 
2139 
2105 
2145 
2097 
2067 
2090 
2122 
2049 
2083 
2086 
2096 
2088 
2091 
2056 
2049 
2174 
2166 
2201 
2181 
2143 
2142 
2200 
2211 
2198 
2167 
2201 
2181 
2235 
2202 
2189 
2239 
2247 
2270 
2273 
2184 
2223 
2220 
2200 
2167 
2157 
2250 
2137 
2160 
2168 
2110 
2196 
2142 
2157 
2172 
2150 
2177 
2150 
2083 
2130 
2159 
2206 
2166 
2203 
2212 
2291 
2294 
2348 
2449 
2360 
2322 
2464 
2403 
2460 
2335 
2302 
2416 
2441 
2475 
2419 
2442 
2363 
2371 
2384 
2411 
2471 
2422 
2451 
2471 
2488 
2498 
2515 
2490 
