# "ClusterAnalysis.largest_size"
1311 
1291 
1404 
1343 
1335 
1227 
1231 
1247 
1217 
1223 
1327 
1304 
1314 
1337 
1360 
1308 
1351 
1312 
1254 
1290 
1265 
1274 
1307 
1341 
1338 
1288 
1344 
1311 
1305 
1328 
1354 
1390 
1443 
1497 
1478 
1402 
1403 
1499 
1579 
1449 
1413 
1527 
1522 
1526 
1592 
1550 
1517 
1505 
1546 
1519 
1491 
1462 
1453 
1492 
1525 
1566 
1495 
1597 
1541 
1574 
1589 
1583 
1572 
1595 
1570 
1573 
1592 
1590 
1643 
1640 
1610 
1660 
1660 
1775 
1730 
1760 
1752 
1756 
1728 
1744 
1808 
1747 
1752 
1777 
1816 
1746 
1712 
1711 
1797 
1744 
1717 
1730 
1758 
1749 
1696 
1777 
1826 
1790 
1775 
1851 
1880 
1759 
1856 
1752 
1771 
1814 
1819 
1801 
1908 
1842 
1786 
1645 
1767 
1762 
1858 
1871 
1820 
1952 
1839 
1901 
1859 
1940 
1887 
1892 
1914 
2022 
2054 
1986 
2006 
1974 
1933 
1950 
1903 
1899 
1989 
1916 
1933 
1938 
1901 
1826 
1944 
1966 
1917 
2018 
2060 
2044 
2065 
1983 
2042 
2046 
2055 
2125 
2106 
2091 
2061 
2088 
2106 
2123 
2079 
2124 
2133 
2103 
2106 
2138 
2144 
2143 
2184 
2257 
2270 
2288 
2273 
2318 
2387 
2332 
2352 
2285 
2335 
2314 
2262 
2337 
2349 
2288 
2278 
2277 
2281 
2264 
2318 
2309 
2383 
2381 
2372 
2400 
2435 
2396 
2368 
2389 
2327 
2353 
2369 
2373 
2329 
2334 
2312 
2300 
2368 
2432 
2395 
2412 
2473 
2463 
2434 
2469 
2422 
2332 
2353 
2328 
2327 
2325 
2349 
2392 
2371 
2342 
2326 
2441 
2404 
2409 
2373 
2356 
2360 
2397 
2311 
2377 
2444 
2413 
2341 
2409 
2472 
2424 
2431 
2420 
2489 
2392 
2461 
2495 
2415 
2454 
2482 
2363 
2403 
2463 
2399 
2412 
2405 
2407 
2381 
2386 
2386 
2416 
2322 
2428 
2421 
2423 
2405 
2439 
2474 
2396 
2436 
2365 
2390 
2439 
2391 
2426 
2436 
2376 
2368 
2423 
2426 
2394 
2434 
2452 
2477 
2451 
2429 
2377 
2330 
2363 
2451 
2430 
2467 
2440 
2415 
2411 
2372 
2451 
2505 
2480 
2462 
2540 
2524 
2524 
2566 
2487 
2536 
2418 
2462 
2460 
2513 
2455 
2481 
2522 
2521 
2585 
2570 
2573 
2589 
2551 
2647 
2583 
2581 
2639 
2671 
2665 
2712 
2695 
2647 
2602 
2681 
2643 
2679 
2636 
2627 
2633 
2635 
2613 
2650 
2736 
2676 
2648 
2683 
2690 
2653 
2712 
2659 
2659 
2673 
2647 
2658 
2625 
2684 
2688 
2718 
2665 
2793 
2687 
2758 
2740 
2668 
2667 
2631 
2650 
2688 
2645 
2675 
2624 
2661 
2663 
2696 
2664 
2650 
2693 
2656 
2696 
2679 
2686 
2721 
2608 
2679 
2742 
2681 
2673 
2691 
2697 
2650 
2664 
2666 
2704 
2779 
2800 
2768 
2720 
2724 
2727 
2690 
2696 
2732 
2760 
2684 
2701 
2690 
2612 
2592 
