# "ClusterAnalysis.largest_size"
237 
249 
290 
300 
292 
68 
65 
43 
106 
66 
40 
51 
64 
55 
63 
93 
56 
65 
56 
94 
53 
70 
44 
48 
64 
41 
82 
53 
63 
93 
58 
78 
42 
49 
56 
74 
71 
50 
84 
50 
54 
36 
68 
44 
59 
54 
42 
46 
54 
59 
39 
41 
42 
60 
47 
45 
42 
44 
62 
59 
54 
41 
48 
93 
35 
40 
79 
89 
43 
48 
44 
56 
59 
59 
61 
69 
81 
56 
66 
76 
40 
46 
54 
45 
33 
54 
56 
54 
51 
39 
43 
47 
62 
40 
60 
52 
49 
46 
40 
63 
44 
58 
77 
123 
88 
42 
32 
67 
41 
37 
46 
66 
70 
41 
65 
65 
71 
61 
71 
76 
78 
43 
64 
51 
104 
121 
83 
64 
64 
60 
48 
60 
91 
93 
95 
124 
116 
53 
48 
72 
76 
46 
51 
66 
65 
59 
91 
86 
71 
83 
84 
70 
90 
64 
64 
65 
51 
36 
41 
91 
36 
76 
71 
84 
49 
56 
76 
122 
74 
72 
51 
75 
106 
59 
58 
56 
53 
62 
53 
48 
62 
72 
46 
59 
80 
69 
66 
75 
72 
136 
70 
84 
105 
55 
67 
44 
65 
68 
94 
58 
79 
69 
36 
92 
67 
49 
113 
73 
65 
73 
50 
60 
30 
86 
41 
46 
39 
56 
99 
75 
83 
59 
99 
95 
52 
43 
62 
50 
49 
74 
89 
68 
86 
61 
66 
68 
120 
94 
240 
148 
121 
62 
127 
120 
107 
143 
140 
118 
120 
79 
102 
82 
50 
60 
80 
94 
84 
70 
70 
76 
111 
69 
82 
128 
46 
75 
123 
116 
109 
87 
141 
121 
164 
219 
159 
133 
74 
133 
100 
89 
82 
111 
82 
83 
95 
95 
96 
79 
101 
136 
91 
125 
123 
95 
95 
161 
128 
151 
112 
92 
163 
221 
167 
66 
81 
79 
79 
102 
128 
172 
195 
191 
129 
183 
135 
249 
229 
186 
141 
298 
136 
162 
196 
347 
286 
214 
244 
170 
180 
116 
159 
149 
116 
159 
168 
153 
180 
270 
315 
111 
243 
327 
197 
260 
163 
291 
308 
278 
201 
278 
182 
301 
180 
325 
301 
235 
160 
135 
196 
143 
161 
104 
99 
63 
55 
62 
176 
143 
113 
101 
126 
136 
120 
116 
151 
251 
159 
189 
171 
123 
215 
121 
183 
179 
153 
179 
168 
180 
236 
253 
190 
232 
103 
358 
439 
548 
494 
274 
311 
332 
159 
