# "ClusterAnalysis.largest_size"
146 
80 
60 
54 
74 
59 
72 
98 
78 
58 
75 
106 
116 
65 
92 
110 
85 
72 
71 
65 
93 
95 
89 
85 
109 
95 
138 
93 
132 
104 
81 
69 
178 
81 
113 
121 
89 
82 
140 
101 
169 
129 
78 
68 
128 
72 
112 
75 
103 
138 
81 
85 
65 
79 
90 
101 
82 
70 
53 
69 
100 
68 
62 
126 
109 
104 
108 
76 
60 
76 
38 
54 
57 
56 
60 
102 
63 
54 
118 
125 
96 
53 
83 
48 
81 
121 
45 
37 
70 
79 
39 
34 
47 
55 
38 
57 
48 
76 
56 
75 
56 
64 
59 
51 
72 
92 
56 
32 
83 
107 
51 
46 
88 
89 
80 
74 
89 
57 
77 
42 
115 
100 
69 
70 
110 
84 
84 
103 
119 
91 
96 
79 
86 
83 
100 
108 
76 
72 
97 
121 
93 
73 
47 
76 
41 
52 
57 
49 
51 
98 
39 
35 
47 
80 
49 
69 
79 
50 
56 
83 
37 
56 
71 
79 
68 
70 
72 
54 
93 
76 
69 
122 
63 
67 
111 
79 
106 
61 
69 
61 
82 
113 
109 
106 
87 
50 
84 
76 
80 
52 
93 
78 
85 
123 
118 
82 
104 
103 
92 
54 
93 
40 
68 
64 
75 
70 
64 
71 
86 
88 
62 
81 
71 
43 
94 
94 
71 
54 
120 
77 
92 
72 
56 
91 
69 
69 
56 
39 
77 
84 
104 
54 
76 
86 
102 
117 
88 
104 
131 
163 
64 
76 
49 
64 
76 
61 
63 
62 
50 
75 
92 
78 
64 
71 
108 
57 
68 
76 
49 
70 
47 
60 
46 
40 
41 
59 
40 
41 
45 
101 
35 
33 
57 
49 
45 
36 
67 
113 
93 
81 
123 
97 
79 
120 
75 
113 
57 
107 
85 
46 
64 
48 
71 
94 
109 
100 
101 
73 
90 
75 
134 
108 
91 
101 
104 
92 
196 
150 
69 
206 
160 
173 
126 
156 
125 
195 
183 
257 
208 
107 
210 
174 
174 
172 
88 
203 
128 
149 
167 
168 
172 
167 
148 
135 
208 
171 
153 
158 
158 
175 
199 
197 
88 
169 
151 
177 
113 
87 
98 
99 
76 
98 
80 
56 
94 
89 
97 
87 
122 
88 
93 
117 
98 
90 
118 
86 
123 
175 
103 
96 
132 
114 
142 
73 
161 
79 
98 
97 
78 
104 
132 
80 
73 
69 
94 
140 
85 
100 
103 
80 
163 
115 
82 
129 
120 
109 
82 
108 
76 
83 
65 
85 
82 
82 
40 
47 
75 
41 
56 
80 
64 
62 
54 
73 
82 
79 
38 
41 
80 
68 
59 
71 
94 
61 
68 
96 
46 
127 
100 
71 
99 
118 
74 
88 
84 
99 
99 
80 
84 
149 
132 
112 
155 
124 
62 
78 
55 
101 
132 
134 
88 
91 
112 
85 
69 
103 
74 
98 
39 
43 
78 
77 
70 
57 
60 
44 
28 
52 
63 
37 
33 
36 
57 
46 
77 
42 
38 
103 
41 
49 
53 
55 
57 
47 
45 
47 
53 
76 
51 
38 
31 
40 
70 
70 
37 
58 
54 
49 
40 
53 
58 
67 
56 
90 
92 
139 
122 
75 
77 
62 
73 
100 
85 
84 
87 
83 
73 
65 
77 
68 
96 
108 
120 
42 
57 
52 
48 
38 
57 
43 
42 
47 
60 
40 
47 
41 
37 
57 
53 
44 
44 
56 
45 
64 
57 
75 
70 
64 
33 
44 
58 
42 
48 
68 
51 
42 
32 
62 
43 
46 
45 
45 
53 
56 
61 
65 
97 
85 
69 
71 
80 
90 
112 
85 
57 
79 
107 
120 
77 
104 
68 
73 
91 
56 
57 
120 
95 
152 
114 
111 
107 
76 
95 
69 
65 
73 
63 
79 
69 
52 
75 
59 
51 
68 
54 
56 
48 
64 
44 
50 
49 
43 
58 
53 
48 
54 
52 
55 
84 
66 
84 
57 
40 
39 
88 
86 
93 
94 
119 
59 
42 
74 
97 
92 
92 
108 
139 
121 
143 
107 
126 
111 
80 
73 
148 
160 
142 
136 
127 
100 
92 
174 
173 
107 
110 
119 
119 
107 
104 
145 
59 
94 
124 
123 
112 
130 
92 
115 
60 
66 
125 
137 
90 
135 
107 
98 
172 
147 
148 
107 
112 
188 
202 
136 
67 
90 
101 
161 
115 
133 
146 
209 
234 
175 
200 
215 
203 
203 
214 
220 
237 
190 
165 
101 
205 
123 
157 
246 
284 
174 
189 
205 
250 
245 
214 
223 
199 
161 
182 
140 
162 
135 
203 
173 
130 
104 
224 
171 
197 
216 
186 
135 
88 
128 
211 
209 
232 
116 
92 
122 
141 
127 
214 
151 
124 
141 
84 
161 
165 
76 
81 
80 
170 
111 
106 
111 
107 
131 
213 
108 
86 
108 
159 
144 
75 
111 
103 
56 
54 
67 
91 
91 
100 
65 
89 
66 
79 
95 
46 
69 
75 
66 
77 
115 
70 
50 
65 
79 
81 
95 
57 
52 
85 
59 
56 
57 
56 
65 
40 
60 
85 
61 
44 
86 
60 
59 
57 
41 
49 
41 
49 
51 
51 
40 
70 
48 
39 
51 
35 
36 
66 
51 
52 
84 
92 
86 
75 
84 
89 
79 
129 
87 
184 
144 
151 
214 
141 
73 
186 
209 
147 
106 
166 
106 
89 
159 
197 
107 
93 
181 
199 
135 
72 
178 
110 
144 
130 
162 
121 
129 
59 
59 
85 
58 
102 
67 
54 
100 
70 
90 
40 
95 
91 
91 
90 
122 
122 
92 
88 
89 
90 
113 
55 
53 
89 
58 
102 
84 
90 
91 
44 
106 
73 
85 
67 
76 
84 
76 
79 
107 
104 
86 
72 
49 
58 
90 
77 
89 
108 
108 
65 
69 
72 
175 
171 
91 
79 
128 
110 
89 
97 
100 
105 
93 
108 
82 
108 
106 
129 
100 
114 
199 
200 
153 
190 
179 
99 
211 
86 
91 
150 
93 
106 
92 
68 
98 
111 
112 
88 
79 
58 
52 
64 
182 
134 
140 
53 
61 
87 
64 
84 
72 
121 
64 
46 
51 
77 
64 
87 
39 
62 
48 
35 
32 
37 
41 
43 
48 
81 
40 
55 
43 
47 
100 
54 
80 
84 
106 
79 
76 
54 
75 
104 
76 
90 
129 
106 
79 
75 
143 
150 
