# "ClusterAnalysis.largest_size"
1841 
1838 
1866 
1834 
1860 
1824 
1856 
1805 
1801 
1805 
1821 
1803 
1801 
1793 
1781 
1810 
1810 
1813 
1802 
1801 
1822 
1814 
1817 
1854 
1798 
1804 
1821 
1820 
1824 
1819 
1817 
1844 
1782 
1792 
1812 
1812 
1779 
1772 
1832 
1798 
1809 
1787 
1809 
1817 
1775 
1794 
1769 
1782 
1795 
1751 
1768 
1785 
1773 
1771 
1760 
1768 
1733 
1759 
1758 
1746 
1772 
1787 
1771 
1718 
1742 
1742 
1739 
1778 
1747 
1776 
1752 
1744 
1758 
1738 
1741 
1767 
1758 
1740 
1735 
1754 
1738 
1758 
1742 
1752 
1755 
1749 
1772 
1728 
1739 
1763 
1697 
1719 
1738 
1720 
1709 
1694 
1710 
1711 
1719 
1740 
1701 
1694 
1688 
1696 
1687 
1698 
1656 
1674 
1668 
1696 
1662 
1725 
1715 
1689 
1666 
1715 
1684 
1693 
1713 
1712 
1697 
1675 
1656 
1654 
1668 
1668 
1699 
1724 
1719 
1738 
1717 
1749 
1687 
1731 
1726 
1729 
1695 
1738 
1727 
1737 
1721 
1686 
1704 
1703 
1737 
1726 
1726 
1712 
1717 
1730 
1732 
1690 
1748 
1724 
1733 
1732 
1684 
1714 
1720 
1689 
1737 
1697 
1691 
1735 
1728 
1720 
1718 
1725 
1745 
1762 
1737 
1750 
1760 
1740 
1770 
1738 
1760 
1714 
1750 
1729 
1719 
1741 
1735 
1728 
1738 
1743 
1773 
1779 
1762 
1773 
1759 
1792 
1753 
1764 
1714 
1732 
1707 
1716 
1688 
1687 
1708 
1702 
1709 
1735 
1752 
1770 
1792 
1775 
1806 
1751 
1785 
1771 
1816 
1779 
1766 
1823 
1808 
1759 
1757 
1772 
1783 
1760 
1787 
1834 
1839 
1791 
1841 
1832 
1825 
1770 
1753 
1786 
1761 
1793 
1828 
1829 
1791 
1781 
1787 
1770 
1801 
1795 
1815 
1764 
1797 
1808 
1751 
1758 
1793 
1769 
1759 
1715 
1749 
1741 
1769 
1765 
1764 
1790 
1769 
1762 
1776 
1737 
1781 
1749 
1779 
1758 
1717 
1721 
1744 
1738 
1748 
1775 
1742 
1760 
1734 
1774 
1784 
1790 
1788 
1795 
1807 
1777 
1765 
1787 
1757 
1778 
1745 
1749 
1759 
1761 
1766 
1760 
1769 
1813 
1817 
1756 
1785 
1779 
1759 
1811 
1730 
1764 
1747 
1789 
1796 
1753 
1759 
1800 
1788 
1801 
1809 
1783 
1784 
1784 
1787 
1778 
1809 
1775 
1769 
1744 
1736 
1769 
1747 
1760 
1764 
1776 
1769 
1760 
1751 
1788 
1764 
1791 
1808 
1789 
1737 
1739 
1732 
1733 
1723 
1706 
1744 
1773 
1712 
1741 
1763 
1751 
1721 
1749 
1702 
1704 
1699 
1716 
1716 
1713 
1714 
1708 
1709 
1713 
1734 
1728 
1703 
1718 
1725 
1733 
1704 
1708 
1711 
1701 
1676 
1710 
1706 
1723 
1683 
1674 
1726 
1689 
1703 
1631 
1674 
1693 
1707 
1678 
1676 
1691 
1646 
1647 
1692 
1677 
1660 
1651 
1657 
1653 
1640 
1689 
1667 
1681 
1685 
1680 
1667 
1717 
1660 
1644 
1667 
1660 
1681 
1672 
1679 
1672 
1692 
1691 
1696 
1694 
1683 
1706 
1697 
1684 
1700 
1676 
1702 
1707 
1685 
1694 
1710 
1697 
1722 
1696 
1721 
1719 
1728 
1714 
1721 
1756 
1722 
1688 
1682 
1685 
1671 
1662 
1645 
1653 
1654 
1644 
1682 
1674 
1665 
1638 
1644 
1679 
1692 
1684 
1681 
1692 
1709 
1683 
1701 
1701 
1706 
1623 
1673 
1666 
1648 
1677 
1685 
1685 
1692 
1680 
1696 
1698 
1669 
1714 
1676 
1699 
1693 
1695 
1712 
1696 
1698 
1684 
1723 
1672 
1665 
1660 
1688 
1656 
1665 
1658 
1673 
1655 
1694 
1645 
1670 
1708 
1667 
1627 
1657 
1675 
1662 
1666 
1670 
1662 
1630 
1635 
1642 
1676 
1643 
1638 
1652 
1665 
1656 
1679 
1661 
1681 
1649 
1654 
1660 
1634 
1629 
1591 
1623 
1614 
1604 
1576 
1619 
1593 
1655 
1619 
1636 
1647 
1649 
1623 
1642 
1642 
1666 
1633 
1661 
1681 
1624 
1656 
1614 
1637 
1629 
1627 
1648 
1641 
1678 
1672 
1661 
1644 
1683 
1663 
1653 
1648 
1665 
1680 
1669 
1658 
1681 
1686 
1670 
1682 
1666 
1705 
1704 
1705 
1698 
1704 
1650 
1658 
1662 
1662 
1685 
1716 
1686 
1714 
1676 
1703 
1665 
1658 
1688 
1666 
1690 
1673 
1652 
1638 
1630 
1659 
1688 
1670 
1620 
1645 
1627 
1621 
1624 
1643 
1614 
1609 
1618 
1607 
1602 
1610 
1598 
1620 
1620 
1602 
1618 
1594 
1640 
1631 
1626 
1641 
1643 
1663 
1660 
1678 
1676 
1690 
1663 
1663 
1652 
1656 
1666 
1688 
1701 
1713 
1722 
1686 
1672 
1697 
1663 
1667 
1661 
1648 
1655 
1696 
1676 
1681 
1673 
1658 
1685 
1650 
1653 
1693 
1684 
1670 
1673 
1662 
1687 
1690 
1687 
1677 
1655 
1666 
1635 
1646 
1632 
1661 
1651 
1636 
1641 
1633 
1605 
1594 
1588 
1610 
1592 
1618 
1597 
1595 
1629 
1609 
1608 
1599 
1638 
1636 
1629 
1624 
1620 
1620 
1653 
1626 
1650 
1625 
1643 
1634 
1639 
1626 
1664 
1676 
1669 
1649 
1675 
1649 
1613 
1641 
1610 
1663 
1610 
1657 
1629 
1583 
1627 
1599 
1600 
1590 
1608 
1568 
1607 
1566 
1614 
1571 
1561 
1534 
1592 
1564 
1558 
1547 
1517 
1511 
1533 
1545 
1568 
1559 
1516 
1531 
1547 
1526 
1537 
1510 
1522 
1502 
1519 
1543 
1517 
1547 
1539 
1553 
1509 
1555 
1549 
1556 
1572 
1596 
1574 
1580 
1540 
1569 
1571 
1568 
1568 
1584 
1624 
1594 
1569 
1634 
1626 
1600 
1591 
1578 
1594 
1621 
1615 
1593 
1591 
1568 
1601 
1606 
1593 
1618 
1597 
1593 
1621 
1612 
1612 
1586 
1585 
1597 
1609 
1576 
1559 
1572 
1551 
1569 
1558 
1549 
1549 
1521 
1537 
1521 
1532 
1513 
1526 
1497 
1564 
1579 
1549 
1533 
1543 
1577 
1539 
1506 
1530 
1544 
1529 
1511 
1549 
1519 
1512 
1512 
1527 
1499 
1557 
1539 
1515 
1526 
1565 
1526 
1543 
1568 
1521 
1552 
1526 
1568 
1563 
1552 
1558 
1523 
1521 
1525 
1526 
1538 
1509 
1518 
1517 
1540 
1526 
1496 
1531 
1537 
1524 
1518 
1526 
1538 
1531 
1538 
1523 
1546 
1564 
1548 
1583 
1559 
1553 
1573 
1545 
1544 
1527 
1532 
1485 
1502 
1578 
1509 
1516 
1569 
1494 
1500 
1564 
1529 
1518 
1524 
1551 
1541 
1564 
1501 
1571 
1529 
1577 
1559 
1577 
1605 
1561 
1586 
1580 
1593 
1592 
1551 
1524 
1542 
1521 
1533 
1562 
1542 
1556 
1524 
1546 
1534 
1559 
1549 
1535 
1582 
1579 
1543 
1506 
1548 
1530 
1508 
1543 
1548 
1564 
1547 
1573 
1537 
1547 
1576 
1594 
1585 
1537 
1573 
1541 
1547 
1513 
1557 
1571 
1563 
1550 
1558 
1586 
1570 
1540 
1561 
1558 
1567 
1561 
1612 
1581 
1581 
1576 
1545 
1564 
1542 
1548 
1527 
1580 
1553 
1569 
1552 
1556 
1546 
1558 
1550 
1578 
1530 
1584 
1560 
1587 
1567 
1567 
1530 
1562 
1559 
1552 
1544 
1525 
1586 
1551 
1577 
1590 
1543 
1581 
1552 
1541 
1526 
1557 
1578 
1579 
1561 
1549 
1569 
1563 
1583 
1554 
1577 
1575 
1567 
1560 
1558 
1574 
1583 
1581 
1544 
1605 
1572 
1589 
1544 
1576 
1575 
1541 
1586 
1581 
1564 
1579 
1587 
1559 
