# "ClusterAnalysis.largest_size"
1184 
1302 
1356 
1387 
1318 
1388 
1440 
1493 
1502 
1545 
1577 
1576 
1610 
1623 
1672 
1718 
1771 
1809 
1823 
1864 
1870 
1908 
1964 
1943 
1994 
2018 
2033 
2058 
2063 
2082 
2095 
2116 
2166 
2179 
2175 
2225 
2282 
2277 
2316 
2308 
2389 
2400 
2427 
2441 
2461 
2454 
2474 
2453 
2481 
2468 
2546 
2531 
2578 
2593 
2618 
2661 
2624 
2643 
2672 
2680 
2674 
2703 
2723 
2745 
2765 
2791 
2815 
2837 
2859 
2871 
2891 
2923 
2941 
2932 
2931 
2944 
2981 
2996 
3014 
3004 
3026 
3041 
3066 
3090 
3089 
3089 
3107 
3120 
3111 
3141 
3151 
3180 
3192 
3180 
3196 
3215 
3219 
3174 
3243 
3274 
3258 
3255 
3266 
3309 
3320 
3355 
3325 
3368 
3351 
3360 
3422 
3425 
3407 
3436 
3433 
3441 
3432 
3449 
3467 
3443 
3463 
3458 
3489 
3462 
3502 
3523 
3499 
3528 
3501 
3540 
3550 
3547 
3544 
3566 
3570 
3548 
3562 
3572 
3587 
3580 
3587 
3593 
3576 
3589 
3595 
3568 
3615 
3604 
3612 
3642 
3644 
3658 
3635 
3648 
3651 
3681 
3670 
3686 
3689 
3677 
3694 
3677 
3698 
3694 
3712 
3732 
3758 
3756 
3776 
3746 
3780 
3760 
3743 
3774 
3787 
3780 
3747 
3756 
3760 
3781 
3761 
3784 
3818 
3825 
3807 
3800 
3821 
3804 
3829 
3839 
3836 
3847 
3852 
3858 
3880 
3861 
3886 
3908 
3911 
3915 
3898 
3904 
3914 
3940 
3951 
3938 
3942 
3965 
3955 
3964 
3955 
3950 
3947 
3943 
3953 
3939 
3975 
3998 
3986 
3986 
4001 
4015 
4032 
4027 
4027 
4032 
4011 
4027 
4038 
4026 
4044 
4027 
3998 
4034 
4020 
4035 
3994 
4039 
4034 
4023 
4005 
4025 
4033 
4039 
4043 
4054 
4032 
4033 
4041 
4035 
4024 
4065 
4094 
4054 
4045 
4052 
4068 
4057 
4055 
4074 
4121 
4087 
4090 
4112 
4080 
4083 
4092 
4102 
4114 
4086 
4099 
4119 
4119 
4143 
4131 
4163 
4154 
4131 
4189 
4185 
4171 
4183 
4186 
4211 
4204 
4220 
4211 
4206 
4212 
4207 
4230 
4242 
4238 
4242 
4206 
4248 
4237 
4230 
4240 
4258 
4250 
4248 
4261 
4260 
4245 
4254 
4274 
4294 
4313 
4318 
4305 
4307 
4314 
4312 
4287 
4295 
4301 
4287 
4273 
4293 
4289 
4314 
4278 
4284 
4318 
4316 
4308 
4343 
4340 
4333 
4372 
4364 
4396 
4400 
4400 
4386 
4393 
4364 
4393 
4358 
4345 
4379 
4398 
4395 
4418 
4414 
4441 
4431 
4457 
4485 
4491 
4474 
4497 
4498 
4469 
4489 
4503 
4504 
4510 
4529 
4536 
4528 
4553 
4555 
4548 
4554 
4568 
4568 
4545 
4575 
4591 
4577 
4586 
4544 
4568 
4528 
4575 
4582 
4588 
4596 
4609 
4619 
4663 
4628 
4615 
4610 
4594 
4619 
4651 
4640 
4650 
4650 
4638 
4665 
4639 
4666 
4635 
4671 
4652 
4652 
4608 
4647 
4665 
4664 
4663 
4699 
4668 
4681 
4696 
4708 
4728 
4676 
4719 
4723 
4717 
4723 
4747 
4736 
4723 
4736 
4744 
4737 
4736 
4735 
4743 
4763 
4769 
4787 
4781 
4766 
4763 
4778 
4826 
4831 
4822 
4847 
4875 
4866 
4867 
4876 
4892 
4920 
4935 
4949 
4948 
4957 
4960 
4968 
4961 
4951 
4975 
5000 
5009 
4997 
5003 
4983 
4976 
4998 
5042 
5048 
5037 
5063 
5058 
5066 
5043 
5072 
5089 
5068 
5055 
5054 
5074 
5087 
5050 
5080 
5077 
5084 
5064 
5085 
5098 
5086 
5106 
5086 
5109 
5105 
5113 
5115 
5129 
5103 
5126 
5132 
5147 
5110 
5161 
5133 
5161 
5172 
5198 
5159 
5182 
5196 
5190 
5199 
5187 
5202 
5203 
5203 
5202 
5222 
5218 
5239 
5237 
5270 
5263 
5280 
5269 
5233 
5265 
5262 
5264 
5260 
5309 
5281 
5296 
5293 
5317 
5309 
5330 
5337 
5350 
5337 
5360 
5344 
5319 
5321 
5343 
5336 
5360 
5330 
5377 
5371 
5384 
5387 
5391 
5382 
5388 
5379 
5376 
5374 
5357 
5393 
5405 
5381 
5395 
5350 
5409 
5395 
5405 
5406 
5437 
5431 
5448 
5451 
5448 
5441 
5468 
5470 
5464 
5474 
5500 
5517 
5468 
5488 
5500 
5496 
5478 
5472 
5487 
5481 
5488 
5495 
5513 
5500 
5514 
5517 
5525 
5508 
5550 
5548 
5540 
5563 
5518 
5512 
5561 
5537 
5540 
5561 
5577 
5580 
5574 
5572 
5574 
5560 
5591 
5575 
5585 
5613 
5595 
5601 
5590 
5588 
5605 
5605 
5612 
5619 
5618 
5624 
5634 
5617 
5636 
5648 
5632 
5642 
5666 
5654 
5689 
5690 
5661 
5657 
5639 
5710 
5707 
5709 
5706 
5691 
5691 
5722 
5707 
5716 
5719 
5758 
5721 
5714 
5740 
5739 
5721 
5742 
5756 
5777 
5775 
5782 
5775 
5753 
5810 
5813 
5795 
5811 
5804 
5833 
5848 
5850 
5833 
5852 
5861 
5850 
5863 
5880 
5880 
5851 
5845 
5817 
5870 
5879 
5871 
5886 
5883 
5892 
5859 
5882 
5898 
5897 
5921 
5907 
5893 
5896 
5904 
5898 
5882 
5907 
5923 
5921 
5937 
5942 
5954 
5941 
5931 
5938 
5950 
5946 
5946 
5979 
5979 
5949 
6016 
6001 
5987 
5973 
5989 
6009 
5992 
6003 
6015 
6004 
6027 
6040 
6036 
6050 
6045 
6037 
6049 
6070 
6067 
6080 
6104 
6105 
6113 
6121 
6111 
6152 
6146 
6167 
6157 
6146 
6180 
6162 
6176 
6178 
6184 
6220 
6228 
6228 
6268 
6264 
6269 
6303 
6344 
6368 
6373 
6398 
6450 
6451 
6481 
6524 
6556 
6556 
6584 
6636 
6648 
6614 
6640 
6673 
6680 
6728 
6688 
6725 
6768 
6748 
6768 
6752 
6763 
6754 
6765 
6759 
6774 
6793 
6785 
6791 
6822 
6830 
6784 
6800 
6784 
6812 
6811 
6815 
6828 
6833 
6844 
6837 
6840 
6844 
6844 
6851 
6884 
6870 
6872 
6860 
6872 
6878 
6864 
6878 
6857 
6867 
6868 
6886 
6897 
6892 
6874 
6884 
6865 
6877 
6857 
6864 
6852 
6874 
6876 
6890 
6842 
6835 
6837 
6854 
6850 
6848 
6856 
6841 
6838 
6844 
6837 
6844 
6814 
6811 
6860 
6874 
6865 
6821 
6816 
6834 
6833 
6857 
6847 
6868 
6855 
6860 
6868 
6872 
6888 
6887 
6857 
6864 
6845 
6831 
6830 
6818 
6828 
6814 
6827 
6824 
6857 
6880 
6850 
6840 
6829 
6851 
6825 
6860 
6847 
6849 
6835 
6893 
6857 
6827 
6838 
6855 
6823 
6835 
6848 
6853 
6822 
6835 
6833 
6844 
6839 
6820 
6834 
6845 
6842 
6855 
6840 
6815 
6827 
6841 
6846 
6873 
6861 
6842 
6867 
6843 
6879 
6874 
6875 
6887 
6878 
6867 
6879 
6889 
6867 
6819 
6834 
6850 
6874 
6836 
6859 
6843 
6877 
6882 
6855 
6867 
6831 
6862 
6862 
6836 
6853 
6828 
6860 
6865 
6871 
6884 
6883 
6880 
6856 
6870 
6866 
6873 
6841 
6848 
6821 
6856 
6838 
6828 
6849 
6825 
6844 
6835 
6853 
6853 
6878 
6872 
6870 
6869 
6864 
6839 
6813 
6818 
6866 
6844 
6815 
6813 
6834 
6848 
6838 
6848 
6829 
6859 
6871 
6867 
6884 
6885 
6875 
6894 
6869 
6878 
6882 
6878 
6892 
6850 
6868 
6851 
6839 
6841 
6826 
6831 
6841 
6846 
6849 
6850 
6841 
6853 
6848 
6840 
6866 
6849 
6855 
6841 
6851 
6889 
6868 
6870 
6890 
6860 
6855 
6851 
6839 
6856 
6863 
6885 
6871 
6839 
6855 
6828 
6851 
6818 
6819 
6833 
6823 
6829 
6833 
6832 
6795 
6820 
6824 
6832 
6840 
6824 
6881 
6872 
6879 
6897 
6902 
6866 
6842 
6863 
6832 
6844 
6834 
6799 
6822 
6832 
6833 
6842 
6839 
6832 
6848 
6851 
6832 
6840 
6843 
6825 
6827 
6827 
6842 
6842 
6834 
6838 
6840 
6857 
6838 
6861 
6871 
6863 
6848 
6848 
6835 
6863 
6851 
6834 
6819 
6827 
6821 
6819 
6828 
6850 
6829 
6859 
6831 
6860 
6865 
6878 
6873 
6865 
6883 
6864 
6842 
6824 
6853 
6834 
6834 
6829 
6792 
6789 
6822 
6801 
6810 
6840 
6826 
6807 
6835 
6826 
6829 
6821 
6815 
6822 
6835 
6866 
6854 
6872 
6844 
6869 
6874 
6877 
6860 
6852 
6839 
6883 
6849 
6867 
6837 
6805 
6812 
6814 
6827 
6792 
6822 
6802 
6795 
6830 
6829 
6854 
6846 
6819 
6849 
6857 
6864 
6860 
6834 
6831 
6870 
6854 
6874 
6867 
6843 
6873 
6849 
6869 
6858 
6835 
6827 
6843 
6844 
6813 
6839 
6856 
6857 
6868 
6860 
6832 
6820 
6846 
6834 
6833 
6834 
6857 
6832 
6827 
6833 
6827 
6842 
6861 
6854 
6840 
6840 
6825 
6807 
6838 
6857 
6846 
6849 
6857 
6855 
6850 
6838 
6828 
6852 
6821 
6836 
6837 
6823 
6829 
6874 
6845 
6836 
6832 
6839 
6818 
6818 
6819 
6825 
6833 
6812 
6841 
6818 
6823 
6845 
6824 
6833 
6860 
6824 
6792 
6794 
6796 
6829 
6833 
6844 
6825 
6826 
6822 
6819 
6827 
6832 
6816 
6822 
6814 
6826 
6820 
6830 
6862 
6836 
6834 
6806 
6824 
6832 
6822 
6819 
6822 
6814 
6835 
6808 
6813 
6804 
6812 
6827 
6813 
6815 
6809 
6820 
6826 
6853 
6818 
6845 
6830 
6844 
6842 
6824 
6798 
6834 
6784 
6823 
6830 
6833 
6811 
6794 
6773 
6801 
6803 
6824 
6830 
6822 
6810 
6813 
6823 
6844 
6829 
6826 
6807 
6810 
6818 
6840 
6825 
6845 
6833 
6812 
6828 
6818 
6827 
6833 
6840 
6801 
6839 
6849 
6829 
6855 
6836 
6809 
6808 
6812 
6820 
6825 
6820 
6839 
6815 
6832 
6837 
6839 
