# "ClusterAnalysis.largest_size"
629 
624 
630 
623 
610 
619 
623 
612 
599 
608 
579 
580 
599 
592 
599 
612 
1044 
1071 
1042 
1060 
1072 
1075 
1098 
1120 
1107 
1144 
1096 
1097 
1110 
1120 
1109 
1119 
1151 
1137 
1144 
1161 
1134 
1137 
1144 
1155 
1152 
1163 
1157 
1158 
1125 
1124 
1139 
1122 
1145 
1128 
1142 
1123 
1150 
1126 
1112 
1146 
1150 
1143 
1123 
1150 
1177 
1155 
1129 
1150 
1152 
1123 
1164 
1172 
1174 
1191 
1174 
1202 
1204 
1217 
1211 
1232 
1230 
1243 
1247 
1286 
1278 
1300 
1273 
1254 
1289 
1264 
1291 
1285 
1310 
1311 
1306 
1329 
1329 
1319 
1323 
1338 
1350 
1344 
1363 
1352 
1339 
1345 
1354 
1369 
1386 
1385 
1382 
1388 
1383 
1393 
1412 
1417 
1406 
1415 
1400 
1394 
1398 
1417 
1396 
1419 
1400 
1408 
1408 
1442 
1437 
1458 
1468 
1458 
1455 
1444 
1443 
1441 
1467 
1453 
1436 
1434 
1435 
1449 
1443 
1446 
1490 
1446 
1457 
1430 
1463 
1442 
1452 
1462 
1447 
1449 
1453 
1480 
1508 
1510 
1489 
1497 
1483 
1500 
1496 
1467 
1501 
1483 
1480 
1494 
1494 
1503 
1498 
1524 
1541 
1542 
1536 
1531 
1528 
1528 
1529 
1528 
1515 
1544 
1537 
1562 
1562 
1561 
1570 
1560 
1543 
1535 
1550 
1570 
1537 
1542 
1539 
1560 
1554 
1570 
1557 
1548 
1560 
1561 
1542 
1549 
1541 
1549 
1541 
1545 
1538 
1533 
1521 
1527 
1525 
1511 
1526 
1512 
1520 
1515 
1520 
1512 
1542 
1527 
1547 
1535 
1541 
1552 
1538 
1515 
1512 
1500 
1482 
1535 
1522 
1522 
1532 
1538 
1533 
1534 
1479 
1501 
1498 
1519 
1523 
1517 
1527 
1527 
1520 
1523 
1523 
1522 
1512 
1528 
1509 
1525 
1501 
1510 
1514 
1517 
1520 
1537 
1540 
1527 
1532 
1528 
1526 
1540 
1520 
1518 
1511 
1509 
1536 
1516 
1522 
1517 
1540 
1519 
1551 
1511 
1518 
1512 
1492 
1491 
1502 
1529 
1505 
1518 
1509 
1502 
1505 
1520 
1520 
1504 
1499 
1515 
1508 
1525 
1516 
1528 
1505 
1499 
1517 
1525 
1537 
1543 
1525 
1529 
1556 
1543 
1542 
1521 
1526 
1530 
1543 
1545 
1541 
1557 
1552 
1559 
1541 
1549 
1545 
1534 
1546 
1554 
1572 
1537 
1534 
1530 
1545 
1529 
1540 
1553 
1542 
1531 
1530 
1537 
1524 
1539 
1517 
1545 
1544 
1558 
1533 
1519 
1523 
1537 
1575 
1555 
1566 
1580 
1578 
1561 
1581 
1552 
1572 
1556 
1588 
1588 
1572 
1574 
1589 
1590 
1583 
1586 
1577 
1564 
1562 
1574 
1572 
1525 
1564 
1579 
1542 
1559 
1546 
1563 
1576 
1585 
1582 
1594 
1592 
1571 
1563 
1576 
1571 
1577 
1589 
1602 
1592 
1575 
1574 
1578 
1604 
1596 
1570 
1575 
1603 
1568 
1594 
1579 
1587 
1580 
1589 
1564 
1590 
1591 
1579 
1566 
1594 
1591 
1600 
1602 
1595 
1591 
1578 
1557 
1567 
1564 
1566 
1589 
1591 
1574 
1577 
1569 
1573 
1571 
1565 
1559 
1572 
1563 
1568 
1562 
1575 
1559 
1561 
1586 
1577 
1586 
1579 
1567 
1579 
1574 
1589 
1585 
1560 
1575 
1599 
1589 
1554 
1573 
1564 
1581 
1602 
1602 
1614 
1624 
1599 
1612 
1614 
1615 
1636 
1615 
1579 
1615 
1619 
1611 
1605 
1617 
1637 
1641 
1631 
1609 
1610 
1586 
1615 
1602 
1603 
1579 
1604 
1593 
1609 
1618 
1601 
1609 
1603 
1586 
1580 
1568 
1562 
1556 
1560 
1569 
1569 
1558 
1563 
1543 
1573 
1575 
1575 
1580 
1582 
1565 
1575 
1571 
1577 
1559 
1576 
1551 
1580 
1563 
1567 
1565 
1553 
1553 
1560 
1558 
1527 
1562 
1535 
1555 
1553 
1537 
1557 
1592 
1571 
1563 
1557 
1556 
1526 
1538 
1528 
1514 
1528 
1536 
1522 
1537 
1519 
1515 
1537 
1539 
1538 
1547 
1543 
1528 
1539 
1547 
1536 
1544 
1544 
1554 
1562 
1553 
1550 
1569 
1571 
1558 
1573 
1582 
1578 
1582 
1575 
1590 
1585 
1561 
1563 
1587 
1566 
1574 
1597 
1576 
1564 
1560 
1560 
1548 
1566 
1554 
1567 
1560 
1551 
1556 
1582 
1557 
1559 
1584 
1591 
1583 
1579 
1581 
1561 
1554 
1564 
1581 
1573 
1571 
1572 
1580 
1562 
1583 
1557 
1559 
1564 
1539 
1527 
1538 
1514 
1541 
1539 
1531 
1535 
1544 
1544 
1541 
1550 
1559 
1544 
1524 
1533 
1539 
1564 
1555 
1540 
1529 
1505 
1518 
1521 
1526 
1526 
1518 
1525 
1513 
1501 
1488 
1492 
1495 
1498 
1495 
1510 
1494 
1505 
1497 
1498 
1492 
1485 
1475 
1472 
1507 
1476 
1495 
1479 
1501 
1478 
1481 
1511 
1483 
1460 
1478 
1477 
1483 
1463 
1472 
1467 
1466 
1466 
1451 
1415 
1425 
1443 
1461 
1471 
1462 
1468 
1474 
1460 
1463 
1450 
1460 
1474 
1464 
1468 
1492 
1485 
1493 
1500 
1503 
1479 
1494 
1478 
1506 
1507 
1518 
1503 
1496 
1483 
1486 
1484 
1482 
1470 
1491 
1488 
1471 
1469 
1488 
1499 
1500 
1465 
1473 
1488 
1499 
1506 
1495 
1475 
1488 
1492 
1507 
1482 
1502 
1466 
1464 
1478 
1505 
1495 
1473 
1516 
1482 
1500 
1502 
1491 
1517 
1481 
1507 
1490 
1506 
1507 
1507 
1503 
1479 
1490 
1480 
1507 
1501 
1498 
1510 
1513 
1499 
1504 
1515 
1497 
1500 
1524 
1514 
1526 
1511 
1496 
1507 
1490 
1509 
1517 
1506 
1504 
1513 
1499 
1474 
1492 
1481 
1506 
1438 
1453 
1461 
1448 
1468 
1453 
1464 
1455 
1467 
1456 
1438 
1442 
1443 
1429 
1403 
1416 
1420 
1437 
1434 
1431 
1418 
1418 
1429 
1433 
1442 
1404 
1427 
1455 
1460 
1452 
1437 
1439 
1450 
1461 
1444 
1460 
1448 
1445 
1435 
1471 
1460 
1458 
1452 
1470 
1465 
1445 
1429 
1449 
1434 
1436 
1452 
1456 
1445 
1434 
1444 
1437 
1438 
1439 
1436 
1462 
1461 
1448 
1466 
1482 
1480 
1494 
1496 
1498 
1495 
1485 
1502 
1508 
1513 
1518 
1502 
1525 
1512 
1511 
1516 
1506 
1523 
1519 
1533 
1504 
1520 
1536 
1531 
1532 
1549 
1535 
1513 
1533 
1517 
1524 
1515 
1520 
1505 
1519 
1496 
1517 
1506 
1505 
1545 
1553 
1525 
1523 
1548 
1527 
1542 
1541 
1564 
1562 
1559 
1558 
1522 
1541 
1539 
1518 
1549 
1530 
1561 
1562 
1564 
1541 
1535 
1531 
1540 
1556 
1516 
1536 
1532 
1507 
1509 
1483 
1504 
1510 
1523 
1530 
1522 
1507 
1512 
1504 
1516 
1504 
1528 
1539 
1507 
1525 
1516 
1539 
1537 
1525 
1540 
1535 
1541 
1539 
1556 
1549 
1546 
1529 
1529 
1518 
1521 
1543 
1515 
1526 
1520 
1518 
1506 
1535 
1525 
1522 
1520 
1500 
1481 
1499 
1492 
1505 
1498 
1507 
1523 
1525 
1538 
1517 
1526 
1528 
1522 
1516 
1501 
1515 
1535 
1501 
1491 
1478 
1475 
1502 
1517 
1517 
1520 
1490 
1467 
1470 
1482 
1483 
1469 
1463 
1488 
1488 
1480 
1485 
1482 
1507 
1496 
1506 
1515 
1501 
1501 
1513 
1501 
1505 
1497 
1518 
1493 
1501 
1499 
1500 
1482 
1489 
1498 
1478 
1466 
1487 
1477 
1468 
1467 
1487 
1482 
1490 
1495 
1491 
1465 
1444 
1467 
1478 
1483 
1481 
1485 
1490 
1488 
1486 
1464 
1475 
1483 
1478 
1478 
1488 
1501 
1488 
1489 
1510 
1485 
1508 
1518 
1495 
1492 
1489 
1473 
1490 
1464 
1481 
1479 
1469 
1469 
1461 
1473 
1475 
1455 
1450 
1458 
1460 
1462 
1445 
1434 
1434 
1449 
1473 
1465 
1467 
1471 
1470 
1461 
1488 
1482 
1482 
1472 
1445 
1454 
1466 
1448 
1435 
1461 
1451 
1469 
1476 
1465 
1470 
1476 
1477 
1488 
1490 
1474 
1485 
1468 
1489 
1457 
1467 
1470 
1465 
1470 
1461 
1478 
1481 
1470 
1474 
1450 
1475 
1478 
1453 
1473 
1450 
1471 
1457 
1435 
1431 
1420 
1430 
1418 
1418 
1431 
1428 
1448 
1476 
1464 
1454 
1448 
1470 
1488 
1478 
1477 
1481 
1504 
1463 
1495 
1471 
1469 
1497 
1482 
1489 
1484 
1489 
1490 
1473 
1492 
1484 
1481 
1477 
1462 
1500 
1509 
1479 
1480 
1475 
1498 
1507 
1498 
1475 
1495 
1487 
1495 
1475 
1485 
1467 
1469 
1457 
1492 
1497 
1478 
1493 
1498 
1497 
1485 
1498 
1517 
1487 
1492 
1461 
1470 
1469 
1481 
1471 
1463 
1448 
1458 
1464 
1484 
1443 
1449 
1447 
1455 
1458 
1460 
1466 
1466 
1478 
1491 
1472 
1491 
1472 
1475 
1493 
1464 
1461 
1469 
1449 
1447 
1469 
1475 
1453 
1437 
1451 
1465 
1480 
1468 
1449 
1463 
1442 
1459 
1455 
1469 
1468 
1476 
1482 
1465 
1465 
1469 
1452 
1457 
1449 
1469 
1455 
1456 
1453 
1438 
1448 
1449 
1459 
1461 
1468 
1477 
1453 
1447 
1457 
1463 
1448 
1451 
1443 
1451 
1456 
1452 
1425 
1423 
1428 
1421 
1407 
1454 
1439 
1433 
1430 
1423 
1408 
1388 
1395 
1400 
1390 
1384 
1399 
1392 
1375 
1409 
1382 
1403 
1391 
1405 
1417 
1420 
1408 
1422 
1413 
1412 
1416 
1375 
1414 
1392 
1387 
1391 
1382 
1381 
1377 
1412 
1400 
1400 
1413 
1415 
1408 
1407 
1379 
1410 
1399 
1410 
1421 
1390 
1398 
1391 
1385 
1373 
1362 
1326 
1328 
1349 
1330 
1363 
1337 
1325 
1338 
1337 
1364 
1328 
1342 
1321 
1356 
