# "ClusterAnalysis.largest_size"
1020 
1051 
1105 
1097 
1123 
1120 
1116 
1136 
1139 
1141 
1187 
1214 
1221 
1257 
1242 
1270 
1280 
1316 
1342 
1349 
1338 
1303 
1392 
1398 
1417 
1421 
1426 
1451 
1494 
1487 
1501 
1506 
1519 
1569 
1585 
1606 
1612 
1625 
1671 
1671 
1682 
1721 
1724 
1727 
1767 
1732 
1767 
1763 
1774 
1819 
1818 
1851 
1880 
1908 
1903 
1885 
1950 
1949 
1977 
1976 
1998 
1985 
1994 
2033 
2020 
2002 
2018 
2018 
2034 
2050 
2053 
2037 
2088 
2081 
2078 
2105 
2123 
2127 
2128 
2140 
2154 
2150 
2134 
2150 
2173 
2197 
2187 
2180 
2198 
2199 
2185 
2202 
2239 
2278 
2267 
2272 
2295 
2251 
2282 
2299 
2286 
2326 
2338 
2318 
2334 
2349 
2334 
2341 
2385 
2357 
2373 
2374 
2419 
2407 
2392 
2402 
2430 
2431 
2430 
2458 
2457 
2500 
2479 
2464 
2501 
2478 
2488 
2498 
2500 
2514 
2515 
2501 
2516 
2527 
2542 
2564 
2553 
2558 
2544 
2544 
2579 
2546 
2567 
2587 
2564 
2571 
2607 
2627 
2613 
2569 
2585 
2591 
2607 
2624 
2584 
2589 
2586 
2619 
2602 
2597 
2623 
2657 
2662 
2663 
2668 
2647 
2682 
2655 
2650 
2661 
2673 
2672 
2681 
2702 
2702 
2707 
2696 
2726 
2732 
2727 
2737 
2723 
2740 
2762 
2758 
2776 
2763 
2763 
2786 
2771 
2799 
2767 
2808 
2813 
2785 
2806 
2816 
2814 
2807 
2810 
2818 
2850 
2834 
2828 
2839 
2830 
2849 
2832 
2870 
2870 
2864 
2874 
2874 
2886 
2893 
2887 
2901 
2899 
2896 
2931 
2923 
2950 
2947 
2960 
2964 
2949 
2933 
2949 
2959 
2975 
2965 
2972 
2980 
2986 
3004 
3001 
3003 
3010 
3026 
3017 
3034 
3023 
3018 
3064 
3044 
3067 
3059 
3045 
3102 
3054 
3059 
3081 
3088 
3087 
3090 
3113 
3117 
3123 
3119 
3134 
3151 
3128 
3141 
3159 
3144 
3137 
3157 
3112 
3119 
3158 
3151 
3178 
3191 
3188 
3197 
3196 
3178 
3202 
3186 
3169 
3195 
3202 
3182 
3216 
3207 
3194 
3171 
3196 
3185 
3194 
3224 
3219 
3211 
3236 
3239 
3195 
3220 
3197 
3222 
3219 
3251 
3245 
3240 
3258 
3266 
3235 
3217 
3255 
3220 
3247 
3245 
3264 
3273 
3274 
3262 
3275 
3302 
3306 
3301 
3309 
3286 
3282 
3269 
3271 
3266 
3275 
3284 
3295 
3297 
3283 
3275 
3288 
3256 
3251 
3254 
3276 
3275 
3299 
3282 
3317 
3333 
3300 
3351 
3344 
3351 
3358 
3349 
3348 
3369 
3371 
3374 
3375 
3378 
3386 
3397 
3388 
3392 
3400 
3405 
3432 
3434 
3418 
3440 
3464 
3466 
3439 
3482 
3474 
3506 
3485 
3477 
3488 
3478 
3486 
3481 
3450 
3477 
3513 
3481 
3493 
3502 
3517 
3514 
3528 
3485 
3485 
3478 
3510 
3507 
3508 
3513 
3531 
3554 
3554 
3540 
3530 
3523 
3526 
3520 
3537 
3553 
3585 
3582 
3565 
3570 
3589 
3585 
3587 
3570 
3593 
3576 
3555 
3551 
3544 
3570 
3562 
3574 
3575 
3564 
3557 
3567 
3571 
3592 
3592 
3627 
3635 
3632 
3617 
3638 
3652 
3637 
3644 
3630 
3631 
3614 
3633 
3598 
3635 
3625 
3638 
3635 
3615 
3629 
3636 
3647 
3649 
3626 
3640 
3652 
3664 
3661 
3670 
3660 
3658 
3648 
3631 
3657 
3653 
3647 
3629 
3651 
3669 
3674 
3663 
3667 
3703 
3675 
3679 
3681 
3681 
3698 
3710 
3706 
3722 
3712 
3711 
3680 
3702 
3716 
3706 
3718 
3705 
3727 
3751 
3731 
3744 
3750 
3727 
3726 
3714 
3727 
3719 
3750 
3714 
3746 
3744 
3735 
3742 
3725 
3736 
3716 
3760 
3743 
3729 
3758 
3770 
3781 
3777 
3781 
3781 
3786 
3772 
3797 
3782 
3795 
3810 
3807 
3816 
3842 
3798 
3824 
3822 
3809 
3812 
3823 
3813 
3827 
3823 
3857 
3843 
3818 
3820 
3821 
3839 
3829 
3839 
3845 
3886 
3877 
3863 
3846 
3877 
3863 
3845 
3857 
3885 
3865 
3890 
3882 
3892 
3888 
3889 
3868 
3874 
3927 
3925 
3927 
3911 
3946 
3939 
3958 
3950 
3962 
3951 
3930 
3948 
3944 
3961 
3935 
3936 
3923 
3932 
3951 
3951 
3977 
3950 
3962 
3972 
3985 
3990 
3997 
4010 
4029 
4038 
4048 
4044 
4063 
4030 
4038 
4070 
4081 
4084 
4077 
4082 
4085 
4076 
4096 
4096 
4093 
4103 
4102 
4100 
4076 
4097 
4084 
4107 
4122 
4098 
4094 
4115 
4120 
4117 
4134 
4135 
4150 
4152 
4141 
4182 
4169 
4186 
4183 
4180 
4172 
4185 
4182 
4191 
4188 
4173 
4182 
4178 
4168 
4173 
4185 
4207 
4200 
4209 
4209 
4204 
4202 
4179 
4223 
4238 
4213 
4192 
4197 
4186 
4217 
4204 
4195 
4193 
4220 
4192 
4177 
4224 
4234 
4226 
4234 
4237 
4251 
4234 
4260 
4263 
4259 
4245 
4273 
4248 
4305 
4295 
4296 
4270 
4283 
4299 
4301 
4332 
4311 
4299 
4328 
4321 
4326 
4305 
4314 
4314 
4319 
4336 
4328 
4340 
4330 
4362 
4376 
4375 
4388 
4386 
4381 
4397 
4395 
4384 
4428 
4420 
4418 
4413 
4459 
4459 
4467 
4476 
4477 
4477 
4469 
4489 
4479 
4486 
4468 
4482 
4496 
4504 
4499 
4488 
4512 
4482 
4511 
4510 
4508 
4506 
4519 
4523 
4494 
4513 
4523 
4519 
4538 
4548 
4543 
4550 
4565 
4562 
4556 
4555 
4546 
4534 
4551 
4549 
4551 
4534 
4537 
4559 
4543 
4544 
4554 
4557 
4571 
4558 
4576 
4591 
4575 
4594 
4597 
4630 
4626 
4605 
4614 
4635 
4632 
4625 
4614 
4644 
4624 
4641 
4632 
4634 
4637 
4650 
4635 
4659 
4667 
4682 
4672 
4694 
4707 
4694 
4676 
4694 
4692 
4688 
4669 
4712 
4704 
4706 
4702 
4717 
4723 
4731 
4735 
4747 
4753 
4792 
4767 
4806 
4777 
4810 
4822 
4799 
4791 
4802 
4814 
4810 
4821 
4814 
4826 
4814 
4805 
4808 
4811 
4824 
4824 
4840 
4841 
4830 
4841 
4847 
4873 
4852 
4850 
4866 
4891 
4890 
4878 
4850 
4872 
4873 
4875 
4890 
4879 
4870 
4846 
4875 
4884 
4908 
4884 
4900 
4882 
4912 
4919 
4929 
4922 
4931 
4918 
4923 
4947 
4927 
4892 
4917 
4922 
4932 
4921 
4914 
4937 
4975 
4956 
4953 
4946 
4970 
4968 
4975 
4955 
5003 
5010 
4993 
4975 
4974 
4981 
4999 
4991 
5012 
4991 
4996 
5008 
5001 
4991 
5013 
5015 
5000 
5014 
5014 
5015 
5032 
5023 
5025 
5014 
5018 
5043 
5034 
5017 
5042 
5049 
5014 
5022 
5024 
5050 
5026 
5039 
5043 
5056 
5030 
5021 
5041 
5067 
5055 
5024 
5076 
5079 
5096 
5104 
5089 
5097 
5094 
5107 
5097 
5090 
5113 
5117 
5120 
5144 
5115 
5108 
5115 
5128 
5114 
5135 
5118 
5126 
5128 
5132 
5148 
5120 
5145 
5167 
5149 
5167 
5135 
5146 
5126 
5141 
5134 
5158 
5158 
5150 
5175 
5171 
5166 
5146 
5164 
5155 
5143 
5172 
5141 
5146 
5166 
5155 
5169 
5163 
5174 
5180 
5159 
5160 
5142 
5188 
5179 
5200 
5180 
5190 
5207 
5207 
5221 
5186 
5191 
5195 
5203 
5223 
5236 
5236 
5218 
5221 
5273 
5267 
5263 
5227 
5238 
5228 
5225 
5202 
5184 
5211 
5212 
5252 
5216 
5225 
5242 
5254 
5226 
5254 
5269 
5286 
5277 
5278 
5283 
5305 
5309 
5313 
5308 
5300 
5283 
5307 
5293 
5287 
5284 
5304 
5305 
5290 
5321 
5289 
5297 
5285 
5304 
5302 
5308 
5349 
5329 
5327 
5344 
5354 
5352 
5351 
5336 
5352 
5353 
5366 
5363 
5376 
5378 
5377 
5395 
5381 
5396 
5403 
5421 
5416 
5435 
5429 
5398 
5415 
5396 
5416 
5433 
5416 
5430 
5426 
5463 
5457 
5440 
5431 
5462 
5458 
5478 
5481 
5476 
5473 
5477 
5514 
5508 
5518 
5531 
5528 
5537 
5545 
5511 
5522 
5512 
5493 
5528 
5540 
5509 
5533 
5528 
5527 
5528 
5555 
5562 
5558 
5550 
5572 
5552 
5588 
5523 
5571 
5554 
5572 
5592 
5590 
5579 
5592 
5573 
5567 
5562 
5546 
5554 
5588 
5595 
5580 
5617 
5591 
5613 
5604 
5609 
5612 
5610 
5607 
5608 
5626 
5625 
5633 
5647 
5638 
5640 
5660 
5638 
5664 
5664 
5631 
5652 
5676 
5669 
5647 
5668 
5647 
5634 
5648 
5666 
5663 
5671 
5660 
5661 
5659 
5673 
5661 
5655 
5664 
5655 
5658 
5663 
5671 
5648 
5635 
5653 
5634 
5628 
5613 
5619 
5607 
5607 
5613 
5626 
5629 
5617 
5641 
5612 
5628 
5619 
5630 
5665 
5670 
5651 
5659 
5673 
5676 
5675 
5669 
5646 
5665 
5655 
5641 
5655 
5649 
5636 
5646 
5638 
5635 
5622 
5645 
5635 
5657 
5669 
5666 
5664 
5691 
5677 
5674 
5693 
5693 
5702 
5694 
5710 
5692 
5703 
5701 
5735 
5704 
5721 
5731 
5738 
5771 
5738 
5731 
5735 
5735 
5768 
5769 
5767 
5754 
5757 
5756 
5748 
5748 
5776 
5785 
5776 
5780 
5799 
5803 
5825 
5796 
5811 
5815 
5838 
5807 
5811 
5831 
5830 
5828 
5832 
5860 
5842 
5836 
5852 
5859 
5865 
5875 
5869 
5871 
5881 
5875 
5885 
5871 
5900 
5882 
5904 
5882 
5886 
5918 
5881 
5920 
5910 
5904 
5912 
5919 
5922 
5924 
5907 
5927 
5923 
5931 
5931 
5952 
5945 
5979 
5942 
5958 
5964 
5956 
5948 
5971 
6002 
5951 
5977 
5986 
5988 
6005 
5998 
6001 
5999 
5988 
5984 
5988 
5995 
5978 
5982 
5993 
6009 
6010 
5981 
5976 
5985 
5969 
