# "ClusterAnalysis.largest_size"
975 
944 
950 
933 
942 
925 
923 
893 
902 
889 
890 
891 
889 
889 
871 
871 
878 
896 
868 
858 
861 
876 
861 
859 
856 
846 
841 
841 
849 
855 
854 
854 
839 
846 
848 
850 
851 
849 
855 
851 
838 
841 
852 
856 
855 
841 
853 
839 
825 
809 
823 
816 
800 
814 
818 
813 
814 
801 
794 
796 
806 
800 
784 
762 
776 
775 
791 
788 
774 
787 
769 
778 
783 
780 
785 
767 
779 
781 
778 
768 
754 
750 
764 
748 
756 
742 
761 
746 
741 
744 
756 
747 
758 
743 
745 
726 
729 
743 
748 
753 
744 
729 
740 
742 
738 
747 
740 
735 
745 
737 
744 
736 
740 
727 
736 
750 
738 
738 
720 
748 
728 
729 
731 
729 
726 
739 
740 
754 
726 
736 
750 
737 
745 
750 
734 
741 
741 
731 
735 
723 
737 
746 
744 
739 
729 
729 
743 
698 
739 
752 
745 
736 
735 
740 
749 
745 
731 
747 
733 
718 
719 
727 
720 
725 
721 
742 
745 
748 
742 
737 
729 
739 
730 
733 
728 
735 
722 
719 
712 
736 
714 
699 
704 
710 
717 
714 
702 
716 
713 
693 
707 
705 
710 
709 
727 
710 
719 
717 
728 
723 
713 
722 
723 
730 
721 
709 
726 
707 
717 
712 
712 
719 
711 
716 
716 
708 
733 
730 
705 
734 
746 
733 
741 
734 
739 
736 
741 
732 
733 
724 
720 
725 
722 
721 
747 
753 
735 
737 
739 
716 
735 
736 
724 
743 
742 
739 
741 
726 
723 
728 
718 
717 
719 
723 
715 
723 
719 
723 
721 
723 
720 
728 
721 
720 
723 
721 
715 
707 
714 
721 
704 
706 
701 
711 
706 
712 
708 
703 
698 
718 
706 
707 
730 
727 
737 
743 
747 
748 
756 
755 
744 
746 
742 
756 
747 
749 
743 
742 
756 
743 
723 
716 
705 
700 
716 
711 
711 
719 
717 
730 
721 
714 
710 
708 
723 
721 
718 
725 
718 
727 
732 
728 
738 
735 
756 
760 
761 
765 
762 
762 
762 
754 
753 
746 
737 
758 
745 
757 
742 
751 
757 
741 
748 
763 
765 
776 
776 
751 
766 
764 
762 
750 
766 
765 
770 
783 
774 
771 
767 
764 
761 
751 
746 
756 
747 
756 
756 
761 
756 
742 
760 
745 
755 
752 
750 
761 
784 
772 
764 
760 
756 
766 
773 
759 
774 
768 
770 
774 
759 
766 
763 
752 
754 
763 
749 
746 
750 
730 
729 
743 
762 
754 
761 
762 
763 
761 
765 
749 
767 
759 
775 
774 
779 
767 
764 
743 
765 
758 
754 
761 
760 
746 
764 
763 
766 
775 
766 
765 
756 
747 
751 
765 
767 
751 
738 
757 
764 
777 
763 
784 
774 
778 
777 
767 
774 
776 
762 
774 
771 
784 
774 
773 
766 
759 
768 
766 
773 
781 
778 
767 
778 
782 
777 
779 
779 
786 
791 
799 
791 
790 
774 
778 
790 
787 
788 
786 
782 
779 
795 
785 
788 
792 
797 
802 
799 
796 
793 
803 
811 
811 
813 
809 
813 
819 
818 
808 
828 
819 
826 
821 
820 
833 
819 
827 
825 
815 
799 
818 
817 
818 
807 
815 
803 
796 
783 
801 
789 
787 
807 
802 
801 
794 
801 
803 
796 
804 
800 
793 
816 
810 
838 
825 
828 
825 
812 
809 
796 
801 
812 
808 
805 
811 
794 
816 
803 
788 
806 
820 
815 
818 
837 
819 
818 
839 
842 
820 
845 
831 
824 
819 
826 
812 
818 
809 
800 
813 
813 
812 
812 
807 
811 
791 
803 
797 
782 
789 
781 
786 
790 
794 
785 
796 
803 
807 
795 
806 
802 
801 
800 
800 
792 
806 
792 
798 
791 
782 
803 
787 
811 
796 
796 
789 
787 
800 
781 
790 
791 
801 
793 
786 
781 
795 
778 
765 
781 
791 
786 
780 
787 
780 
777 
788 
792 
796 
787 
789 
778 
776 
786 
796 
813 
792 
795 
790 
808 
793 
788 
780 
801 
777 
790 
786 
784 
785 
773 
788 
783 
786 
773 
780 
784 
779 
784 
770 
779 
790 
776 
781 
775 
785 
768 
765 
777 
762 
773 
767 
770 
781 
795 
792 
798 
790 
791 
797 
790 
799 
791 
777 
793 
772 
788 
789 
772 
780 
779 
782 
794 
774 
784 
788 
779 
780 
784 
789 
783 
780 
784 
792 
794 
774 
788 
802 
791 
805 
799 
807 
812 
800 
800 
786 
805 
799 
793 
796 
805 
791 
798 
796 
809 
794 
776 
789 
785 
792 
782 
765 
778 
769 
775 
778 
782 
770 
771 
775 
778 
779 
777 
782 
782 
778 
783 
775 
787 
781 
790 
791 
774 
779 
775 
789 
778 
783 
785 
775 
776 
774 
777 
786 
780 
782 
782 
779 
784 
792 
790 
794 
800 
807 
801 
795 
813 
820 
816 
786 
795 
803 
798 
814 
810 
815 
810 
795 
791 
794 
805 
787 
815 
814 
801 
812 
805 
810 
798 
792 
795 
803 
789 
798 
807 
798 
790 
799 
798 
785 
789 
803 
809 
808 
801 
802 
807 
810 
804 
790 
793 
807 
797 
805 
811 
811 
797 
809 
813 
801 
793 
793 
794 
809 
805 
808 
800 
794 
818 
821 
815 
819 
799 
800 
808 
805 
804 
810 
806 
818 
799 
799 
821 
807 
819 
816 
834 
815 
824 
810 
798 
804 
824 
817 
812 
819 
812 
810 
809 
818 
822 
821 
830 
822 
813 
805 
828 
811 
833 
837 
808 
829 
837 
817 
820 
820 
809 
826 
817 
822 
831 
818 
842 
836 
848 
847 
836 
817 
816 
829 
838 
830 
819 
823 
828 
835 
815 
812 
816 
807 
790 
808 
812 
796 
805 
803 
789 
804 
794 
822 
805 
823 
805 
793 
791 
804 
817 
803 
802 
801 
788 
779 
793 
789 
795 
795 
795 
799 
800 
792 
778 
775 
789 
793 
789 
787 
785 
791 
776 
795 
794 
799 
792 
811 
799 
796 
803 
810 
807 
796 
815 
804 
792 
793 
785 
791 
786 
802 
800 
809 
795 
817 
801 
810 
808 
807 
806 
823 
822 
827 
824 
808 
806 
812 
812 
824 
824 
820 
823 
814 
825 
820 
819 
818 
806 
816 
808 
805 
799 
819 
832 
834 
834 
833 
822 
818 
822 
832 
832 
828 
821 
817 
828 
846 
836 
819 
837 
837 
855 
841 
841 
848 
848 
844 
851 
859 
852 
847 
844 
860 
855 
849 
838 
838 
850 
844 
833 
853 
856 
856 
858 
858 
871 
870 
852 
862 
855 
861 
849 
836 
843 
851 
843 
845 
835 
844 
841 
846 
860 
857 
852 
858 
872 
854 
846 
859 
846 
853 
853 
864 
862 
853 
859 
875 
876 
861 
866 
862 
879 
869 
869 
862 
842 
848 
863 
867 
864 
856 
871 
863 
898 
872 
870 
880 
877 
879 
903 
885 
896 
891 
896 
903 
902 
882 
901 
894 
899 
895 
902 
895 
895 
900 
896 
908 
906 
912 
909 
910 
904 
900 
916 
905 
905 
897 
911 
914 
910 
910 
912 
926 
917 
921 
937 
935 
937 
930 
928 
937 
930 
934 
928 
921 
944 
932 
908 
919 
909 
915 
922 
920 
906 
909 
927 
929 
931 
936 
927 
946 
936 
936 
935 
942 
949 
949 
932 
933 
928 
928 
928 
936 
922 
937 
927 
938 
940 
922 
918 
927 
923 
930 
931 
931 
949 
935 
932 
941 
931 
937 
939 
945 
949 
942 
936 
937 
931 
948 
930 
925 
932 
931 
914 
921 
925 
907 
931 
936 
930 
916 
939 
943 
944 
936 
930 
948 
936 
960 
962 
946 
941 
965 
951 
975 
961 
953 
969 
975 
968 
973 
967 
964 
958 
958 
958 
964 
961 
946 
954 
950 
944 
934 
957 
948 
941 
929 
946 
946 
951 
944 
953 
953 
956 
949 
935 
947 
944 
956 
937 
936 
936 
938 
927 
917 
940 
950 
944 
941 
932 
950 
945 
945 
939 
913 
939 
938 
934 
922 
925 
917 
922 
918 
917 
933 
930 
926 
937 
924 
928 
926 
945 
943 
928 
939 
931 
949 
920 
930 
931 
937 
944 
948 
925 
939 
928 
938 
952 
946 
939 
