# "ClusterAnalysis.largest_size"
164 
187 
181 
207 
256 
240 
244 
254 
286 
308 
301 
317 
594 
671 
688 
722 
754 
796 
808 
821 
905 
952 
1047 
1119 
1141 
1181 
1243 
1293 
1381 
1413 
1457 
1476 
1542 
1648 
1662 
1730 
1753 
1853 
1915 
1921 
2004 
2030 
2068 
2080 
2171 
2210 
2303 
2331 
2391 
2407 
2449 
2510 
2551 
2536 
2582 
2625 
2665 
2678 
2709 
2740 
2756 
2763 
2821 
2862 
2899 
2906 
2897 
2877 
2942 
2918 
2922 
2912 
2976 
3003 
3081 
3093 
3153 
3142 
3195 
3251 
3241 
3256 
3303 
3322 
3339 
3309 
3357 
3444 
3428 
3426 
3436 
3479 
3488 
3486 
3514 
3531 
3603 
3615 
3618 
3637 
3666 
3651 
3655 
3666 
3716 
3709 
3703 
3726 
3726 
3733 
3772 
3827 
3817 
3798 
3842 
3825 
3887 
3907 
3910 
3919 
3901 
3931 
3911 
3953 
3978 
3954 
3988 
3995 
4058 
4042 
4046 
4063 
4053 
4069 
4052 
4117 
4104 
4117 
4105 
4118 
4139 
4149 
4145 
4198 
4182 
4165 
4204 
4172 
4157 
4177 
4192 
4193 
4232 
4198 
4213 
4248 
4283 
4256 
4264 
4299 
4308 
4297 
4307 
4301 
4324 
4348 
4367 
4361 
4365 
4395 
4385 
4376 
4421 
4450 
4424 
4444 
4453 
4465 
4479 
4505 
4484 
4495 
4527 
4562 
4543 
4567 
4562 
4575 
4570 
4594 
4533 
4572 
4588 
4565 
4562 
4597 
4598 
4577 
4654 
4652 
4646 
4659 
4707 
4684 
4684 
4660 
4696 
4674 
4683 
4676 
4693 
4694 
4663 
4740 
4737 
4737 
4700 
4730 
4733 
4743 
4745 
4746 
4701 
4739 
4732 
4745 
4735 
4753 
4768 
4767 
4767 
4758 
4746 
4761 
4724 
4773 
4752 
4774 
4772 
4716 
4767 
4768 
4771 
4784 
4794 
4797 
4799 
4805 
4810 
4827 
4855 
4866 
4898 
4884 
4890 
4909 
4879 
4871 
4907 
4924 
4934 
4934 
4945 
4934 
4954 
4951 
4934 
4983 
5022 
5010 
5011 
5013 
5059 
5035 
5044 
5053 
5059 
5050 
5105 
5135 
5096 
5068 
5067 
5030 
5066 
5081 
5085 
5086 
5102 
5103 
5130 
5108 
5098 
5099 
5087 
5107 
5115 
5084 
5098 
5125 
5138 
5136 
5116 
5154 
5155 
5162 
5172 
5180 
5172 
5176 
5181 
5175 
5198 
5211 
5231 
5210 
5214 
5209 
5206 
5224 
5195 
5223 
5168 
5192 
5185 
5199 
5230 
5198 
5239 
5192 
5210 
5210 
5206 
5220 
5214 
5205 
5206 
5231 
5254 
5281 
5272 
5300 
5275 
5285 
5290 
5268 
5254 
5308 
5320 
5311 
5342 
5319 
5341 
5315 
5340 
5322 
5383 
5376 
5388 
5411 
5411 
5401 
5417 
5400 
5418 
5408 
5401 
5463 
5446 
5451 
5428 
5435 
5423 
5451 
5437 
5454 
5490 
5509 
5453 
5486 
5471 
5467 
5482 
5459 
5464 
5475 
5508 
5513 
5495 
5525 
5526 
5523 
5554 
5537 
5502 
5518 
5527 
5557 
5538 
5573 
5578 
5569 
5608 
5593 
5621 
5584 
5580 
5623 
5586 
5630 
5645 
5639 
5634 
5637 
5648 
5655 
5689 
5671 
5675 
5655 
5702 
5698 
5719 
5736 
5751 
5732 
5734 
5746 
5776 
5804 
5840 
5856 
5867 
5905 
5933 
5961 
6022 
6023 
6053 
6081 
6121 
6162 
6179 
6192 
6259 
6263 
6330 
6321 
6341 
6345 
6369 
6407 
6422 
6445 
6459 
6431 
6439 
6398 
6404 
6454 
6448 
6456 
6475 
6465 
6491 
6505 
6498 
6491 
6521 
6539 
6546 
6536 
6536 
6573 
6577 
6537 
6539 
6540 
6557 
6548 
6569 
6562 
6591 
6580 
6555 
6530 
6530 
6535 
6505 
6518 
6509 
6531 
6509 
6503 
6486 
6512 
6460 
6478 
6460 
6477 
6476 
6485 
6508 
6463 
6452 
6458 
6525 
6489 
6515 
6515 
6499 
6523 
6512 
6484 
6496 
6508 
6541 
6524 
6530 
6528 
6522 
6520 
6492 
6530 
6521 
6514 
6538 
6539 
6531 
6539 
6518 
6545 
6526 
6518 
6508 
6498 
6522 
6466 
6519 
6533 
6511 
6516 
6516 
6541 
6526 
6521 
6510 
6516 
6490 
6490 
6494 
6515 
6512 
6510 
6533 
6495 
6484 
6490 
6483 
6465 
6464 
6475 
6469 
6472 
6447 
6454 
6457 
6458 
6458 
6465 
6445 
6450 
6430 
6430 
6476 
6493 
6461 
6492 
6496 
6518 
6515 
6518 
6511 
6475 
6497 
6464 
6492 
6469 
6433 
6468 
6471 
6462 
6431 
6434 
6455 
6452 
6451 
6454 
6462 
6462 
6427 
6434 
6430 
6432 
6423 
6437 
6419 
6432 
6438 
6426 
6406 
6416 
6394 
6395 
6439 
6422 
6440 
6439 
6434 
6432 
6428 
6460 
6459 
6442 
6450 
6465 
6471 
6442 
6459 
6440 
6453 
6419 
6445 
6469 
6466 
6487 
6471 
6464 
6469 
6452 
6445 
6436 
6421 
6420 
6429 
6449 
6424 
6474 
6452 
6439 
6414 
6451 
6454 
6429 
6425 
6428 
6426 
6454 
6392 
6451 
6426 
6427 
6419 
6405 
6443 
6389 
6398 
6413 
6430 
6374 
6424 
6420 
6438 
6409 
6384 
6404 
6372 
6372 
6433 
6428 
6423 
6395 
6384 
6392 
6386 
6402 
6370 
6421 
6368 
6371 
6352 
6382 
6381 
6353 
6357 
6359 
6371 
6375 
6394 
6378 
6394 
6403 
6410 
6369 
6370 
6367 
6366 
6350 
6405 
6386 
6365 
6372 
6383 
6409 
6378 
6347 
6316 
6322 
6342 
6383 
6361 
6395 
6375 
6385 
6318 
6336 
6409 
6371 
6370 
6362 
6360 
6343 
6324 
6338 
6297 
6328 
6316 
6294 
6309 
6331 
6342 
6363 
6353 
6340 
6363 
6373 
6357 
6340 
6353 
6387 
6384 
6379 
6375 
6335 
6325 
6332 
6359 
6339 
6336 
6326 
6361 
6341 
6353 
6378 
6356 
6348 
6349 
6338 
6311 
6310 
6329 
6341 
6334 
6328 
6361 
6310 
6300 
6355 
6341 
6358 
6339 
6330 
6323 
6306 
6360 
6350 
6318 
6313 
6351 
6338 
6360 
6365 
6336 
6354 
6314 
6333 
6319 
6318 
6335 
6341 
6349 
6351 
6336 
6334 
6333 
6314 
6343 
6357 
6336 
6354 
6326 
6346 
6346 
6342 
6328 
6321 
6327 
6341 
6343 
6332 
6343 
6336 
6359 
6349 
6325 
6350 
6328 
6350 
6325 
6347 
6325 
6345 
6354 
6344 
6349 
6378 
6343 
6360 
6344 
6316 
6331 
6321 
6332 
6310 
6327 
6338 
6336 
6326 
6335 
6302 
6316 
6334 
6336 
6345 
6337 
6353 
6331 
6327 
6326 
6331 
6312 
6315 
6315 
6303 
6295 
6304 
6326 
6327 
6305 
6293 
6312 
6316 
6315 
6367 
6378 
6370 
6341 
6329 
6341 
6318 
6326 
6358 
6345 
6369 
6338 
6339 
6365 
6334 
6333 
6391 
6392 
6393 
6356 
6353 
6351 
6336 
6364 
6355 
6336 
6355 
6350 
6405 
6366 
6374 
6386 
6354 
6349 
6335 
6342 
6348 
6327 
6337 
6321 
6318 
6330 
6343 
6332 
6326 
6337 
6350 
6380 
6353 
6358 
6337 
6314 
6329 
6300 
6330 
6317 
6302 
6344 
6323 
6318 
6329 
6337 
6341 
6343 
6335 
6355 
6340 
6321 
6310 
6300 
6323 
6324 
6305 
6299 
6326 
6343 
6316 
6308 
6323 
6328 
6299 
6306 
6303 
6299 
6253 
6304 
6300 
6258 
6306 
6271 
6277 
6292 
6310 
6310 
6287 
6317 
6325 
6292 
6332 
6359 
6361 
6329 
6359 
6330 
6364 
6337 
6377 
6350 
6371 
6342 
6338 
6355 
6343 
6316 
6330 
6336 
6319 
6325 
6321 
6317 
6320 
6344 
6315 
6334 
6329 
6320 
6351 
6372 
6322 
6327 
6342 
6347 
6371 
6345 
6330 
6328 
6331 
6298 
6293 
6316 
6306 
6282 
6316 
6332 
6331 
6298 
6279 
6289 
6312 
6308 
6309 
6303 
6349 
6328 
6344 
6314 
6335 
6312 
6337 
6331 
6334 
6308 
6281 
6299 
6273 
6298 
6311 
6296 
6288 
6282 
6261 
6317 
6300 
6305 
6297 
6318 
6324 
6348 
6358 
6317 
6302 
6298 
6294 
6291 
6358 
6318 
6328 
6343 
6346 
6357 
6346 
6365 
6358 
6352 
6329 
6298 
6305 
6321 
6303 
6310 
6336 
6345 
6346 
6363 
6320 
6318 
6299 
6316 
6289 
6273 
6334 
6294 
6322 
6315 
6270 
6318 
6276 
6293 
6263 
6313 
6332 
6288 
6290 
6305 
6271 
6267 
6246 
6283 
6307 
6298 
6305 
6319 
6330 
6306 
6330 
6303 
6315 
6262 
6312 
6313 
6304 
6306 
6304 
6270 
6280 
6278 
6312 
6294 
6286 
6294 
6311 
6318 
6354 
6328 
6316 
6300 
6305 
6298 
6328 
6309 
6292 
6299 
6291 
6311 
6295 
6284 
6272 
6313 
6303 
6288 
6289 
6304 
6299 
6272 
6286 
6303 
6262 
6302 
6334 
6320 
6302 
6324 
6311 
6331 
6332 
6318 
6345 
6309 
6338 
6298 
6312 
6291 
6336 
6335 
6327 
6313 
6330 
6342 
6336 
6324 
6308 
6347 
6325 
6368 
6391 
6382 
6347 
6357 
6371 
6370 
6362 
6366 
6333 
6366 
6310 
6349 
6321 
6313 
6310 
6305 
6308 
6336 
6324 
6316 
6308 
6312 
6314 
6299 
6322 
6275 
6277 
6313 
6297 
6300 
6292 
6260 
6274 
6245 
6283 
6207 
6253 
6262 
6287 
6277 
6245 
6265 
6276 
6230 
6221 
6241 
6251 
6260 
6259 
6263 
6269 
6287 
6270 
6262 
6311 
6283 
6319 
6314 
6286 
6312 
6333 
6348 
6344 
6346 
6328 
6342 
6349 
6329 
6328 
6306 
6267 
6270 
6264 
6298 
6297 
6273 
6267 
6267 
6277 
6236 
6233 
6253 
6283 
6272 
6289 
6254 
6281 
6262 
6296 
6251 
6274 
6272 
6265 
6253 
6272 
6251 
6286 
6298 
6276 
6275 
6324 
6298 
6298 
6316 
6338 
6312 
6344 
6325 
6331 
6335 
6300 
6281 
6306 
6318 
6318 
6328 
6298 
6288 
6276 
6278 
6304 
6309 
6312 
6281 
