# "ClusterAnalysis.largest_size"
684 
684 
619 
616 
600 
571 
581 
560 
546 
575 
549 
515 
512 
570 
555 
527 
580 
566 
646 
642 
646 
719 
738 
736 
756 
775 
782 
791 
823 
859 
864 
860 
889 
882 
911 
939 
933 
937 
976 
1008 
1021 
1049 
1045 
1072 
1063 
1085 
1098 
1101 
1137 
1134 
1120 
1140 
1149 
1164 
1198 
1178 
1219 
1210 
1210 
1197 
1225 
1218 
1202 
1218 
1248 
1259 
1275 
1266 
1275 
1293 
1324 
1307 
1319 
1329 
1313 
1338 
1341 
1364 
1353 
1336 
1348 
1381 
1382 
1395 
1369 
1391 
1379 
1379 
1395 
1423 
1393 
1394 
1449 
1410 
1446 
1485 
1470 
1481 
1480 
1472 
1460 
1477 
1489 
1493 
1451 
1485 
1465 
1459 
1457 
1492 
1512 
1522 
1497 
1525 
1527 
1483 
1513 
1506 
1520 
1526 
1533 
1517 
1502 
1513 
1512 
1503 
1503 
1524 
1482 
1484 
1494 
1509 
1516 
1528 
1548 
1515 
1504 
1511 
1518 
1534 
1532 
1560 
1506 
1525 
1495 
1500 
1548 
1504 
1543 
1524 
1529 
1539 
1556 
1536 
1544 
1507 
1550 
1561 
1581 
1580 
1558 
1591 
1562 
1547 
1583 
1545 
1541 
1541 
1561 
1581 
1573 
1585 
1571 
1561 
1537 
1537 
1546 
1536 
1560 
1552 
1577 
1555 
1566 
1559 
1561 
1535 
1547 
1585 
1586 
1619 
1621 
1643 
1647 
1635 
1637 
1630 
1642 
1622 
1638 
1648 
1644 
1674 
1671 
1622 
1651 
1656 
1668 
1653 
1653 
1655 
1653 
1668 
1657 
1628 
1649 
1657 
1679 
1665 
1667 
1650 
1633 
1616 
1623 
1677 
1654 
1648 
1649 
1654 
1642 
1647 
1650 
1660 
1679 
1658 
1687 
1694 
1696 
1687 
1691 
1710 
1689 
1678 
1692 
1677 
1657 
1689 
1682 
1698 
1716 
1691 
1682 
1709 
1674 
1660 
1667 
1623 
1638 
1644 
1660 
1660 
1641 
1666 
1644 
1648 
1640 
1669 
1688 
1697 
1653 
1692 
1674 
1629 
1657 
1681 
1697 
1701 
1675 
1684 
1693 
1691 
1687 
1681 
1687 
1657 
1648 
1654 
1604 
1643 
1640 
1639 
1630 
1631 
1632 
1640 
1648 
1645 
1649 
1672 
1656 
1666 
1668 
1647 
1654 
1621 
1613 
1619 
1614 
1588 
1609 
1579 
1599 
1598 
1594 
1597 
1618 
1625 
1645 
1634 
1658 
1638 
1642 
1647 
1643 
1657 
1658 
1651 
1642 
1660 
1672 
1651 
1636 
1657 
1672 
1638 
1645 
1657 
1678 
1661 
1677 
1698 
1651 
1657 
1637 
1642 
1654 
1639 
1643 
1663 
1643 
1641 
1640 
1666 
1629 
1654 
1655 
1666 
1659 
1665 
1643 
1635 
1636 
1642 
1630 
1641 
1650 
1673 
1645 
1657 
1668 
1661 
1658 
1684 
1678 
1704 
1691 
1715 
1735 
1729 
1743 
1709 
1721 
1722 
1748 
1745 
1751 
1722 
1725 
1709 
1705 
1744 
1725 
1753 
1745 
1720 
1717 
1698 
1699 
1670 
1708 
1695 
1681 
1689 
1695 
1710 
1692 
1710 
1695 
1720 
1714 
1689 
1696 
1681 
1699 
1687 
1705 
1679 
1715 
1704 
1725 
1724 
1710 
1749 
1742 
1722 
1724 
1723 
1747 
1741 
1710 
1714 
1719 
1691 
1695 
1684 
1700 
1736 
1717 
1691 
1689 
1697 
1686 
1683 
1680 
1676 
1694 
1690 
1707 
1695 
1699 
1677 
1676 
1680 
1666 
1676 
1659 
1653 
1655 
1658 
1658 
1651 
1639 
1620 
1608 
1616 
1618 
1623 
1620 
1634 
1628 
1651 
1654 
1617 
1647 
1613 
1611 
1657 
1633 
1612 
1612 
1594 
1598 
1623 
1642 
1619 
1640 
1657 
1640 
1635 
1634 
1600 
1616 
1628 
1634 
1617 
1641 
1632 
1626 
1645 
1655 
1682 
1623 
1622 
1653 
1626 
1680 
1633 
1658 
1643 
1646 
1619 
1596 
1620 
1614 
1640 
1622 
1599 
1613 
1580 
1608 
1566 
1565 
1555 
1577 
1576 
1585 
1576 
1579 
1618 
1601 
1612 
1613 
1592 
1594 
1587 
1587 
1569 
1607 
1600 
1619 
1608 
1610 
1620 
1610 
1612 
1599 
1605 
1592 
1584 
1614 
1587 
1602 
1647 
1597 
1580 
1618 
1618 
1619 
1617 
1617 
1595 
1562 
1564 
1569 
1596 
1588 
1598 
1594 
1605 
1614 
1631 
1595 
1588 
1605 
1580 
1588 
1601 
1586 
1591 
1598 
1559 
1570 
1576 
1570 
1579 
1586 
1610 
1615 
1624 
1616 
1607 
1630 
1646 
1647 
1653 
1646 
1675 
1625 
1640 
1671 
1671 
1687 
1685 
1690 
1693 
1689 
1683 
1668 
1689 
1697 
1663 
1647 
1659 
1652 
1632 
1649 
1639 
1679 
1654 
1648 
1659 
1679 
1657 
1672 
1700 
1693 
1661 
1658 
1649 
1657 
1669 
1681 
1668 
1659 
1664 
1658 
1649 
1677 
1646 
1671 
1679 
1696 
1670 
1673 
1668 
1670 
1672 
1646 
1637 
1641 
1640 
1633 
1608 
1628 
1644 
1624 
1640 
1610 
1644 
1626 
1642 
1625 
1638 
1610 
1603 
1637 
1630 
1629 
1646 
1646 
1642 
1641 
1640 
1625 
1632 
1590 
1596 
1584 
1581 
1577 
1581 
1576 
1584 
1579 
1594 
1567 
1569 
1572 
1570 
1575 
1578 
1570 
1569 
1544 
1569 
1560 
1558 
1586 
1560 
1551 
1553 
1554 
1552 
1564 
1560 
1538 
1562 
1559 
1578 
1567 
1563 
1549 
1544 
1549 
1573 
1593 
1570 
1568 
1566 
1553 
1555 
1564 
1558 
1551 
1583 
1589 
1577 
1617 
1594 
1576 
1563 
1567 
1588 
1580 
1567 
1584 
1571 
1552 
1571 
1553 
1595 
1579 
1560 
1563 
1574 
1580 
1569 
1583 
1587 
1581 
1565 
1577 
1557 
1591 
1595 
1614 
1579 
1613 
1621 
1613 
1604 
1611 
1622 
1633 
1646 
1600 
1605 
1590 
1585 
1587 
1597 
1562 
1571 
1565 
1592 
1575 
1588 
1580 
1584 
1570 
1567 
1592 
1593 
1581 
1561 
1556 
1563 
1554 
1569 
1574 
1558 
1574 
1562 
1539 
1566 
1542 
1542 
1533 
1508 
1534 
1548 
1541 
1540 
1543 
1563 
1576 
1567 
1534 
1572 
1565 
1560 
1598 
1586 
1574 
1551 
1577 
1585 
1620 
1595 
1587 
1619 
1600 
1622 
1597 
1608 
1586 
1573 
1584 
1590 
1572 
1565 
1571 
1599 
1609 
1588 
1583 
1606 
1596 
1601 
1576 
1592 
1579 
1581 
1574 
1572 
1575 
1550 
1581 
1585 
1587 
1598 
1583 
1574 
1579 
1570 
1572 
1599 
1590 
1609 
1623 
1622 
1615 
1621 
1613 
1625 
1630 
1608 
1618 
1619 
1610 
1626 
1622 
1629 
1640 
1623 
1636 
1644 
1613 
1599 
1608 
1593 
1589 
1613 
1603 
1609 
1604 
1607 
1608 
1596 
1595 
1581 
1579 
1578 
1600 
1577 
1581 
1593 
1560 
1578 
1595 
1609 
1609 
1631 
1618 
1577 
1567 
1598 
1599 
1574 
1596 
1569 
1593 
1566 
1561 
1603 
1609 
1588 
1605 
1583 
1616 
1586 
1625 
1595 
1588 
1575 
1563 
1562 
1561 
1559 
1573 
1570 
1581 
1570 
1606 
1601 
1613 
1637 
1625 
1654 
1640 
1615 
1620 
1632 
1650 
1639 
1631 
1610 
1634 
1641 
1613 
1628 
1611 
1634 
1620 
1612 
1630 
1613 
1617 
1607 
1616 
1604 
1637 
1633 
1651 
1664 
1678 
1646 
1650 
1641 
1652 
1680 
1657 
1664 
1656 
1666 
1664 
1665 
1657 
1666 
1634 
1651 
1659 
1636 
1633 
1638 
1642 
1647 
1657 
1633 
1634 
1636 
1658 
1648 
1655 
1654 
1626 
1649 
1637 
1642 
1648 
1641 
1637 
1628 
1631 
1620 
1635 
1624 
1629 
1654 
1632 
1627 
1611 
1619 
1606 
1615 
1633 
1620 
1614 
1599 
1617 
1602 
1595 
1618 
1601 
1623 
1627 
1616 
1605 
1655 
1651 
1665 
1643 
1645 
1634 
1628 
1610 
1605 
1598 
1607 
1598 
1622 
1601 
1608 
1590 
1612 
1580 
1623 
1606 
1612 
1619 
1658 
1616 
1634 
1654 
1670 
1647 
1635 
1605 
1616 
1627 
1614 
1622 
1642 
1646 
1667 
1639 
1661 
1651 
1659 
1650 
1684 
1671 
1664 
1665 
1667 
1655 
1677 
1664 
1658 
1648 
1654 
1649 
1660 
1667 
1662 
1678 
1665 
1665 
1663 
1680 
1667 
1632 
1650 
1639 
1648 
1639 
1637 
1650 
1642 
1606 
1616 
1608 
1595 
1607 
1584 
1587 
1593 
1593 
1628 
1606 
1600 
1620 
1638 
1615 
1601 
1611 
1616 
1611 
1618 
1602 
1608 
1608 
1634 
1637 
1628 
1624 
1636 
1638 
1667 
1668 
1651 
1611 
1660 
1659 
1634 
1666 
1636 
1604 
1609 
1612 
1598 
1617 
1611 
1594 
1603 
1616 
1598 
1599 
1573 
1570 
1608 
1576 
1598 
1575 
1592 
1608 
1597 
1580 
1593 
1573 
1569 
1577 
1587 
1578 
1575 
1585 
1572 
1584 
1584 
1578 
1604 
1589 
1565 
1563 
1574 
1590 
1560 
1575 
1580 
1553 
1542 
1526 
1526 
1518 
1563 
1545 
1527 
1534 
1498 
1531 
1509 
1531 
1547 
1550 
1535 
1526 
1558 
1548 
1564 
1563 
1558 
1545 
1544 
1549 
1547 
1557 
1537 
1548 
1569 
1550 
1544 
1546 
1532 
1552 
1559 
1573 
1558 
1569 
1575 
1598 
1573 
1593 
1600 
1602 
1592 
1579 
1593 
1584 
1564 
1566 
1563 
1557 
1557 
1555 
1570 
1560 
1576 
1536 
1540 
1553 
1561 
1539 
1537 
1522 
1507 
1532 
1544 
1519 
1520 
1506 
1522 
1534 
1523 
1533 
1538 
1522 
1514 
1516 
1512 
1505 
1513 
1504 
1478 
1498 
1502 
1505 
1499 
1526 
1479 
1484 
1496 
1466 
1483 
1482 
1499 
1484 
1468 
1481 
1466 
1491 
1476 
1475 
1492 
1499 
1492 
1485 
1462 
1473 
1464 
1481 
1467 
1477 
1469 
1477 
1467 
1475 
1515 
1493 
1466 
1477 
1476 
1482 
