# "ClusterAnalysis.largest_size"
276 
178 
311 
351 
466 
439 
492 
493 
586 
595 
664 
744 
776 
1347 
1376 
1523 
1539 
1586 
1650 
1723 
1695 
1814 
1970 
2014 
2054 
2088 
2136 
2173 
2233 
2281 
2358 
2402 
2467 
2544 
2571 
2650 
2631 
2659 
2678 
2740 
2769 
2789 
2849 
2887 
2894 
2910 
2956 
2998 
3002 
3040 
3107 
3139 
3112 
3185 
3169 
3241 
3249 
3314 
3325 
3375 
3412 
3396 
3425 
3420 
3448 
3432 
3452 
3567 
3565 
3559 
3582 
3607 
3612 
3683 
3698 
3737 
3765 
3831 
3846 
3880 
3857 
3915 
3937 
3934 
3939 
3984 
3992 
4019 
4022 
4036 
4071 
4063 
4082 
4127 
4126 
4166 
4195 
4202 
4178 
4229 
4225 
4263 
4288 
4274 
4282 
4293 
4336 
4346 
4318 
4332 
4362 
4368 
4355 
4344 
4407 
4396 
4421 
4420 
4447 
4472 
4474 
4477 
4515 
4551 
4556 
4549 
4547 
4566 
4569 
4577 
4600 
4569 
4604 
4637 
4645 
4671 
4692 
4670 
4676 
4670 
4682 
4652 
4685 
4703 
4725 
4726 
4768 
4750 
4721 
4754 
4791 
4775 
4769 
4805 
4805 
4827 
4819 
4816 
4832 
4844 
4852 
4880 
4882 
4850 
4896 
4871 
4892 
4903 
4917 
4875 
4899 
4933 
4891 
4870 
4902 
4907 
4908 
4894 
4897 
4923 
4942 
4957 
4931 
4958 
4953 
4986 
4969 
4958 
4931 
4936 
4960 
4947 
4922 
4941 
4952 
4957 
5022 
5008 
5033 
5019 
5045 
5035 
5033 
5054 
5082 
5051 
5084 
5079 
5135 
5145 
5104 
5075 
5110 
5129 
5087 
5135 
5074 
5143 
5142 
5180 
5155 
5175 
5177 
5163 
5171 
5216 
5186 
5200 
5220 
5183 
5218 
5238 
5250 
5237 
5209 
5242 
5230 
5249 
5276 
5284 
5316 
5310 
5326 
5334 
5316 
5294 
5326 
5402 
5423 
5432 
5444 
5488 
5519 
5496 
5550 
5591 
5636 
5633 
5633 
5673 
5707 
5770 
5764 
5818 
5851 
5867 
5900 
5920 
5918 
5915 
5952 
5979 
5993 
6009 
6000 
5983 
6009 
6046 
6025 
6024 
6029 
6076 
6080 
6100 
6099 
6107 
6074 
6102 
6110 
6116 
6114 
6105 
6086 
6055 
6090 
6127 
6131 
6135 
6113 
6137 
6135 
6158 
6160 
6166 
6160 
6185 
6165 
6157 
6130 
6179 
6152 
6140 
6162 
6136 
6166 
6179 
6162 
6173 
6151 
6160 
6141 
6135 
6171 
6154 
6166 
6169 
6191 
6203 
6160 
6131 
6167 
6194 
6220 
6203 
6196 
6186 
6193 
6195 
6211 
6173 
6184 
6184 
6203 
6174 
6218 
6195 
6206 
6218 
6241 
6209 
6171 
6200 
6175 
6227 
6190 
6225 
6208 
6219 
6183 
6235 
6191 
6212 
6187 
6206 
6167 
6207 
6214 
6212 
6200 
6164 
6182 
6176 
6204 
6174 
6174 
6179 
6212 
6209 
6176 
6211 
6202 
6207 
6197 
6235 
6227 
6209 
6210 
6256 
6253 
6225 
6236 
6207 
6203 
6236 
6225 
6219 
6214 
6222 
6228 
6206 
6211 
6205 
6247 
6254 
6252 
6236 
6252 
6262 
6267 
6234 
6255 
6232 
6223 
6220 
6227 
6219 
6192 
6217 
6184 
6194 
6226 
6199 
6200 
6188 
6224 
6219 
6205 
6206 
6219 
6209 
6186 
6199 
6202 
6188 
6146 
6159 
6104 
6154 
6140 
6127 
6129 
6145 
6176 
6138 
6137 
6124 
6138 
6169 
6174 
6188 
6179 
6200 
6190 
6179 
6186 
6157 
6138 
6150 
6132 
6147 
6150 
6155 
6152 
6185 
6170 
6162 
6180 
6158 
6143 
6130 
6169 
6177 
6155 
6155 
6134 
6121 
6143 
6142 
6131 
6131 
6154 
6158 
6162 
6155 
6151 
6126 
6157 
6159 
6187 
6196 
6210 
6249 
6223 
6204 
6236 
6232 
6178 
6199 
6192 
6194 
6193 
6178 
6173 
6201 
6206 
6200 
6189 
6194 
6187 
6199 
6173 
6165 
6180 
6170 
6184 
6182 
6159 
6160 
6201 
6163 
6176 
6163 
6163 
6157 
6159 
6154 
6162 
6166 
6174 
6151 
6186 
6183 
6182 
6174 
6200 
6177 
6204 
6187 
6192 
6190 
6160 
6176 
6143 
6137 
6145 
6157 
6150 
6143 
6132 
6177 
6160 
6180 
6199 
6182 
6207 
6220 
6203 
6200 
6188 
6238 
6208 
6211 
6189 
6177 
6196 
6219 
6185 
6182 
6220 
6196 
6173 
6179 
6170 
6160 
6148 
6164 
6126 
6135 
6136 
6161 
6138 
6136 
6139 
6127 
6121 
6125 
6207 
6178 
6177 
6204 
6193 
6206 
6178 
6157 
6183 
6176 
6159 
6211 
6193 
6200 
6205 
6193 
6190 
6206 
6186 
6161 
6183 
6184 
6194 
6201 
6221 
6200 
6213 
6186 
6230 
6244 
6227 
6188 
6193 
6186 
6190 
6202 
6182 
6193 
6186 
6169 
6184 
6202 
6205 
6197 
6190 
6195 
6196 
6178 
6234 
6225 
6206 
6183 
6195 
6220 
6187 
6209 
6211 
6196 
6206 
6198 
6190 
6236 
6218 
6207 
6198 
6197 
6237 
6184 
6188 
6187 
6208 
6171 
6185 
6205 
6175 
6195 
6202 
6218 
6211 
6216 
6222 
6225 
6204 
6226 
6213 
6244 
6223 
6205 
6219 
6234 
6224 
6232 
6213 
6203 
6220 
6207 
6216 
6221 
6217 
6223 
6201 
6220 
6202 
6200 
6185 
6204 
6241 
6220 
6225 
6206 
6174 
6191 
6179 
6177 
6175 
6204 
6215 
6208 
6225 
6206 
6244 
6211 
6229 
6231 
6221 
6231 
6182 
6188 
6198 
6228 
6207 
6225 
6237 
6225 
6260 
6249 
6218 
6242 
6228 
6209 
6219 
6229 
6222 
6227 
6204 
6180 
6201 
6205 
6217 
6189 
6197 
6217 
6235 
6223 
6205 
6206 
6247 
6214 
6213 
6176 
6202 
6182 
6194 
6208 
6152 
6174 
6193 
6176 
6162 
6181 
6189 
6168 
6172 
6160 
6169 
6157 
6185 
6157 
6164 
6140 
6182 
6156 
6140 
6178 
6166 
6174 
6166 
6164 
6193 
6155 
6177 
6121 
6185 
6195 
6171 
6186 
6176 
6220 
6184 
6193 
6206 
6177 
6149 
6169 
6171 
6170 
6204 
6183 
6163 
6144 
6141 
6185 
6165 
6142 
6193 
6169 
6185 
6173 
6198 
6186 
6150 
6197 
6180 
6187 
6165 
6163 
6198 
6186 
6166 
6172 
6173 
6221 
6200 
6200 
6210 
6187 
6214 
6206 
6226 
6212 
6197 
6191 
6194 
6197 
6180 
6168 
6189 
6189 
6225 
6213 
6198 
6182 
6206 
6201 
6212 
6193 
6204 
6202 
6223 
6185 
6182 
6185 
6223 
6205 
6219 
6205 
6218 
6231 
6182 
6197 
6225 
6179 
6179 
6170 
6181 
6187 
6164 
6188 
6196 
6210 
6198 
6196 
6185 
6196 
6191 
6190 
6186 
6205 
6207 
6201 
6181 
6171 
6182 
6192 
6200 
6200 
6189 
6188 
6199 
6199 
6191 
6201 
6192 
6158 
6164 
6165 
6156 
6145 
6153 
6173 
6173 
6181 
6174 
6188 
6180 
6164 
6146 
6112 
6158 
6161 
6156 
6158 
6163 
6168 
6183 
6149 
6117 
6141 
6152 
6135 
6129 
6128 
6145 
6124 
6120 
6113 
6098 
6104 
6091 
6069 
6082 
6059 
6091 
6109 
6111 
6097 
6096 
6097 
6102 
6084 
6096 
6090 
6093 
6119 
6120 
6107 
6110 
6109 
6138 
6118 
6115 
6106 
6091 
6127 
6107 
6134 
6123 
6093 
6103 
6089 
6142 
6126 
6119 
6130 
6126 
6124 
6125 
6139 
6129 
6131 
6145 
6138 
6143 
6120 
6110 
6118 
6099 
6122 
6138 
6163 
6156 
6145 
6155 
6159 
6164 
6152 
6163 
6161 
6177 
6161 
6178 
6195 
6201 
6170 
6166 
6175 
6178 
6188 
6191 
6187 
6180 
6195 
6169 
6171 
6146 
6175 
6152 
6132 
6127 
6171 
6143 
6135 
6143 
6141 
6142 
6134 
6118 
6107 
6141 
6139 
6131 
6126 
6131 
6126 
6150 
6154 
6158 
6190 
6161 
6152 
6160 
6143 
6166 
6126 
6148 
6133 
6161 
6124 
6127 
6147 
6151 
6119 
6135 
6134 
6131 
6152 
6139 
6117 
6139 
6131 
6120 
6150 
6140 
6148 
6145 
6137 
6128 
6140 
6147 
6163 
6165 
6156 
6153 
6169 
6157 
6173 
6192 
6205 
6182 
6171 
6171 
6165 
6146 
6170 
6182 
6185 
6149 
6161 
6131 
6136 
6132 
6124 
6137 
6120 
6157 
6159 
6147 
6137 
6163 
6147 
6140 
6133 
6122 
6139 
6132 
6094 
6115 
6138 
6132 
6147 
6170 
6187 
6152 
6166 
6169 
6190 
6164 
6158 
6179 
6193 
6206 
6190 
6227 
6216 
6194 
6174 
6186 
6188 
6211 
6220 
6217 
6197 
6178 
6207 
6217 
6216 
6204 
6231 
6210 
6196 
6219 
6192 
6193 
6190 
6203 
6183 
6219 
6196 
6210 
6168 
6184 
6163 
6171 
6157 
6145 
6160 
6162 
6151 
6173 
6152 
6175 
6185 
6165 
6125 
6178 
6152 
6144 
6155 
6179 
6177 
6206 
6214 
6210 
6210 
6206 
6203 
6205 
6196 
6196 
6179 
6221 
6222 
6239 
6206 
6189 
6190 
6184 
6216 
6177 
6217 
6212 
6202 
6227 
6237 
6224 
6224 
6229 
6222 
6222 
6223 
6237 
6239 
6258 
6262 
6262 
6230 
6234 
6251 
6240 
6263 
6263 
6243 
6221 
6227 
6237 
6222 
6238 
6232 
6238 
6226 
6207 
6226 
6210 
6207 
6217 
6210 
6226 
6204 
6223 
6246 
6213 
6225 
6236 
6255 
6237 
6234 
6210 
6226 
6241 
6240 
6245 
6245 
6252 
6247 
6223 
6249 
6231 
6216 
6241 
6247 
6246 
6234 
6243 
6266 
6229 
6247 
6256 
6262 
6248 
6244 
6251 
6246 
6237 
6236 
6234 
6238 
6241 
6267 
6263 
6271 
6244 
6241 
6225 
6225 
6226 
6217 
6225 
6248 
6223 
6235 
6240 
6239 
6249 
6230 
6248 
6258 
6234 
6226 
6237 
6242 
6243 
6259 
6267 
6269 
6244 
6250 
6243 
6245 
6216 
6241 
6241 
6245 
6213 
6224 
6224 
6242 
6266 
6273 
6281 
6265 
6237 
6246 
6239 
6250 
6236 
