# "ClusterAnalysis.largest_size"
203 
217 
213 
250 
298 
315 
310 
358 
395 
438 
470 
512 
809 
569 
830 
813 
937 
895 
897 
952 
964 
1025 
1090 
1100 
1172 
1227 
1263 
1319 
1369 
1419 
1443 
1479 
1510 
1549 
1564 
1641 
1682 
1722 
1740 
1773 
1787 
1848 
1913 
1863 
1974 
1959 
2029 
2081 
2079 
2058 
2117 
2180 
2174 
2169 
2210 
2241 
2238 
2287 
2343 
2364 
2331 
2344 
2404 
2413 
2468 
2453 
2468 
2523 
2538 
2547 
2522 
2582 
2589 
2618 
2644 
2667 
2699 
2714 
2749 
2723 
2780 
2770 
2795 
2805 
2808 
2847 
2802 
2840 
2835 
2895 
2864 
2875 
2912 
2884 
2920 
2930 
2936 
2951 
2973 
2990 
2988 
2986 
2978 
2984 
3018 
3006 
3018 
3031 
3001 
3019 
3009 
3020 
3046 
3042 
3030 
3037 
3057 
3037 
3038 
3083 
3058 
3074 
3105 
3082 
3074 
3091 
3072 
3105 
3149 
3108 
3118 
3121 
3120 
3158 
3133 
3148 
3149 
3186 
3192 
3192 
3182 
3193 
3217 
3211 
3205 
3205 
3227 
3215 
3224 
3243 
3214 
3217 
3225 
3224 
3228 
3239 
3235 
3242 
3234 
3256 
3270 
3233 
3232 
3261 
3241 
3242 
3268 
3251 
3277 
3277 
3270 
3272 
3297 
3314 
3295 
3290 
3293 
3299 
3298 
3272 
3285 
3294 
3269 
3297 
3275 
3246 
3256 
3276 
3289 
3296 
3334 
3311 
3276 
3303 
3282 
3313 
3316 
3311 
3318 
3303 
3328 
3306 
3345 
3314 
3307 
3311 
3343 
3337 
3327 
3349 
3346 
3356 
3347 
3353 
3356 
3370 
3361 
3394 
3372 
3388 
3396 
3389 
3385 
3371 
3375 
3414 
3397 
3421 
3434 
3428 
3431 
3398 
3433 
3423 
3420 
3425 
3402 
3422 
3409 
3413 
3397 
3414 
3414 
3426 
3435 
3423 
3426 
3442 
3442 
3439 
3458 
3471 
3469 
3502 
3503 
3490 
3508 
3482 
3508 
3507 
3490 
3505 
3493 
3507 
3510 
3493 
3467 
3520 
3516 
3505 
3543 
3548 
3553 
3555 
3554 
3572 
3551 
3570 
3569 
3558 
3600 
3575 
3586 
3577 
3593 
3591 
3598 
3607 
3605 
3608 
3602 
3574 
3561 
3568 
3596 
3641 
3617 
3603 
3625 
3629 
3641 
3644 
3662 
3655 
3674 
3662 
3677 
3681 
3676 
3670 
3714 
3730 
3733 
3744 
3721 
3750 
3747 
3742 
3748 
3758 
3762 
3744 
3764 
3749 
3774 
3764 
3777 
3780 
3807 
3796 
3787 
3793 
3814 
3798 
3798 
3813 
3820 
3823 
3833 
3835 
3838 
3863 
3848 
3855 
3846 
3847 
3832 
3844 
3863 
3846 
3843 
3838 
3848 
3838 
3868 
3848 
3872 
3879 
3896 
3875 
3876 
3862 
3891 
3881 
3885 
3879 
3889 
3898 
3915 
3906 
3898 
3905 
3926 
3913 
3928 
3929 
3925 
3923 
3912 
3915 
3926 
3952 
3949 
3943 
3938 
3950 
3927 
3899 
3906 
3924 
3926 
3893 
3920 
3878 
3905 
3899 
3909 
3901 
3892 
3891 
3914 
3930 
3922 
3921 
3923 
3934 
3933 
3941 
3907 
3914 
3910 
3914 
3905 
3919 
3919 
3918 
3918 
3902 
3906 
3919 
3927 
3934 
3925 
3897 
3921 
3886 
3890 
3901 
3908 
3906 
3948 
3904 
3914 
3903 
3899 
3913 
3902 
3910 
3900 
3902 
3917 
3924 
3915 
3900 
3920 
3908 
3942 
3928 
3925 
3925 
3927 
3925 
3933 
3945 
3970 
3937 
3953 
3950 
3964 
3940 
3924 
3939 
3939 
3936 
3946 
3939 
3951 
3938 
3932 
3956 
3954 
3954 
3959 
3957 
3957 
3955 
3960 
3975 
3977 
3966 
3949 
3917 
3920 
3936 
3943 
3944 
3925 
3951 
3937 
3969 
3952 
3974 
3964 
3979 
3966 
3956 
3965 
3942 
3981 
3959 
3949 
3959 
3950 
3975 
3946 
3941 
3932 
3961 
3941 
3968 
3983 
4004 
4009 
3999 
3987 
3988 
3992 
3967 
3987 
3977 
3970 
3974 
3973 
3973 
3974 
3993 
3973 
3994 
3971 
3978 
3989 
3977 
3985 
3992 
3974 
3974 
3972 
3970 
3980 
3992 
3988 
3993 
3981 
3979 
4010 
3972 
3990 
3980 
3979 
3976 
3950 
3984 
3980 
3971 
3964 
3963 
3948 
3964 
3949 
3938 
3921 
3943 
3937 
3934 
3938 
3924 
3897 
3930 
3932 
3956 
3945 
3948 
3952 
3952 
3970 
3953 
3976 
3983 
3999 
3944 
3974 
4000 
4008 
4009 
4009 
4015 
4048 
4018 
4021 
4043 
4057 
4063 
4074 
4103 
4095 
4094 
4091 
4082 
4084 
4089 
4078 
4083 
4079 
4080 
4087 
4088 
4087 
4064 
4075 
4058 
4055 
4051 
4059 
4055 
4089 
4063 
4054 
4063 
4070 
4044 
4043 
4063 
4045 
4040 
4026 
4025 
4036 
4059 
4030 
4034 
4048 
4041 
4052 
4035 
4042 
4067 
4046 
4061 
4041 
4042 
4055 
4048 
4071 
4090 
4051 
4064 
4045 
4066 
4057 
4073 
4084 
4082 
4086 
4078 
4075 
4051 
4085 
4081 
4082 
4061 
4094 
4087 
4071 
4065 
4085 
4087 
4089 
4059 
4086 
4083 
4072 
4090 
4083 
4079 
4101 
4080 
4084 
4066 
4092 
4076 
4075 
4076 
4065 
4079 
4086 
4076 
4084 
4106 
4104 
4089 
4087 
4087 
4071 
4094 
4079 
4076 
4051 
4047 
4059 
4084 
4074 
4088 
4092 
4064 
4060 
4067 
4068 
4065 
4080 
4082 
4074 
4055 
4101 
4101 
4070 
4051 
4063 
4088 
4083 
4102 
4094 
4097 
4105 
4098 
4093 
4104 
4095 
4100 
4106 
4092 
4093 
4090 
4082 
4082 
4077 
4070 
4068 
4077 
4045 
4055 
4103 
4100 
4097 
4084 
4086 
4084 
4100 
4076 
4065 
4083 
4076 
4106 
4100 
4083 
4069 
4068 
4068 
4073 
4088 
4059 
4056 
4081 
4085 
4102 
4095 
4066 
4101 
4078 
4085 
4111 
4100 
4106 
4083 
4085 
4112 
4129 
4105 
4076 
4104 
4103 
4115 
4127 
4112 
4125 
4104 
4111 
4130 
4109 
4111 
4110 
4116 
4100 
4111 
4078 
4074 
4091 
4083 
4087 
4076 
4093 
4097 
4077 
4077 
4106 
4090 
4110 
4091 
4103 
4115 
4096 
4087 
4095 
4111 
4113 
4110 
4114 
4137 
4145 
4138 
4150 
4124 
4138 
4155 
4142 
4138 
4176 
4162 
4131 
4150 
4146 
4139 
4132 
4133 
4110 
4114 
4159 
4138 
4160 
4129 
4121 
4161 
4162 
4134 
4129 
4108 
4107 
4111 
4146 
4128 
4137 
4130 
4113 
4125 
4123 
4119 
4113 
4127 
4118 
4127 
4114 
4092 
4103 
4130 
4102 
4133 
4155 
4147 
4161 
4140 
4112 
4166 
4139 
4154 
4161 
4172 
4179 
4181 
4165 
4187 
4165 
4183 
4185 
4162 
4137 
4168 
4157 
4146 
4174 
4177 
4192 
4177 
4179 
4173 
4171 
4170 
4185 
4157 
4162 
4173 
4186 
4179 
4198 
4192 
4198 
4197 
4217 
4211 
4208 
4195 
4190 
4187 
4179 
4206 
4209 
4184 
4210 
4173 
4195 
4170 
4183 
4203 
4224 
4212 
4240 
4184 
4201 
4203 
4204 
4206 
4202 
4198 
4207 
4185 
4183 
4150 
4182 
4201 
4206 
4207 
4204 
4209 
4205 
4194 
4183 
4188 
4193 
4165 
4173 
4169 
4174 
4151 
4156 
4139 
4149 
4184 
4180 
4184 
4194 
4206 
4199 
4196 
4184 
4160 
4176 
4160 
4148 
4196 
4176 
4160 
4179 
4179 
4192 
4195 
4185 
4197 
4184 
4185 
4194 
4207 
4201 
4179 
4162 
4164 
4194 
4169 
4167 
4152 
4174 
4185 
4184 
4191 
4185 
4177 
4206 
4189 
4188 
4199 
4174 
4171 
4195 
4211 
4204 
4220 
4220 
4212 
4238 
4192 
4206 
4187 
4191 
4163 
4190 
4221 
4226 
4238 
4235 
4224 
4214 
4201 
4186 
4195 
4206 
4185 
4214 
4219 
4208 
4220 
4228 
4208 
4218 
4241 
4252 
4233 
4233 
4244 
4259 
4259 
4245 
4223 
4273 
4258 
4279 
4260 
4262 
4276 
4247 
4273 
4267 
4269 
4279 
4265 
4293 
4286 
4281 
4270 
4260 
4285 
4287 
4288 
4309 
4312 
4309 
4295 
4283 
4282 
4297 
4259 
4264 
4242 
4255 
4257 
4270 
4297 
4308 
4312 
4313 
4357 
4316 
4317 
4329 
4327 
4353 
4336 
4357 
4339 
4333 
4331 
4345 
4334 
4367 
4361 
4362 
4360 
4349 
4348 
4356 
4353 
4328 
4333 
4352 
4371 
4371 
4371 
4346 
4382 
4357 
4348 
4344 
4378 
4381 
4385 
4354 
4332 
4349 
4383 
4383 
4362 
4369 
4347 
4372 
4359 
4369 
4387 
4377 
4363 
4375 
4382 
4384 
4408 
4414 
4390 
4405 
4395 
4373 
4396 
4415 
4394 
4375 
4350 
4355 
4347 
4387 
4380 
4388 
4397 
4406 
4407 
4399 
4395 
4377 
4401 
4387 
4394 
4391 
4388 
4415 
4421 
4422 
4419 
4396 
4404 
4403 
4385 
4406 
4401 
4397 
4401 
4427 
4415 
4410 
4420 
4414 
4409 
4433 
4415 
4445 
4430 
4442 
4430 
4447 
4458 
4442 
4440 
4439 
4468 
4479 
4475 
4485 
4489 
4490 
4467 
4452 
4463 
4433 
4462 
4489 
4480 
4471 
4464 
4463 
4445 
4460 
4466 
4460 
4446 
4487 
4484 
4492 
4460 
4472 
4477 
4494 
4494 
4493 
4492 
4490 
4489 
4488 
4477 
4464 
4460 
4516 
4514 
4505 
4492 
4476 
4462 
4460 
4477 
4492 
4497 
4498 
4460 
4449 
4445 
4452 
4445 
4453 
4461 
4461 
4479 
4465 
4469 
4469 
4482 
4478 
4479 
4472 
4463 
4476 
4491 
4477 
4482 
4494 
4500 
4494 
4519 
4520 
4500 
4505 
4511 
4505 
4529 
4510 
4540 
4536 
4519 
4547 
4541 
4525 
4523 
4503 
4489 
4493 
4478 
4489 
4478 
4470 
4479 
4481 
4505 
4495 
4502 
4500 
4463 
4487 
4470 
4492 
4510 
4482 
4512 
4526 
4502 
4508 
4507 
4488 
4514 
4522 
4517 
4512 
4515 
