# "ClusterAnalysis.largest_size"
219 
234 
227 
240 
228 
249 
297 
413 
321 
327 
464 
311 
351 
336 
393 
344 
396 
329 
333 
284 
301 
351 
375 
356 
330 
370 
414 
372 
373 
395 
420 
369 
373 
370 
366 
400 
378 
335 
350 
347 
378 
372 
332 
307 
324 
392 
335 
335 
282 
285 
491 
408 
367 
386 
351 
399 
430 
399 
399 
413 
440 
388 
400 
385 
361 
451 
430 
511 
397 
373 
429 
377 
401 
385 
456 
423 
371 
403 
368 
442 
336 
340 
393 
394 
378 
319 
359 
330 
329 
315 
273 
260 
331 
331 
375 
378 
366 
246 
253 
236 
285 
