# "ClusterAnalysis.largest_size"
94 
106 
97 
122 
155 
153 
223 
189 
178 
210 
214 
188 
238 
204 
187 
192 
219 
324 
198 
231 
137 
238 
209 
281 
232 
216 
216 
221 
249 
206 
259 
308 
238 
267 
261 
213 
304 
207 
219 
329 
178 
382 
385 
352 
356 
446 
376 
382 
381 
402 
395 
461 
465 
492 
539 
508 
510 
533 
542 
552 
540 
648 
578 
604 
656 
628 
695 
587 
644 
668 
625 
665 
672 
658 
585 
649 
601 
717 
720 
720 
667 
654 
663 
720 
598 
606 
691 
674 
710 
735 
830 
795 
823 
747 
781 
754 
716 
626 
682 
614 
613 
