# "ClusterAnalysis.largest_size"
52 
63 
94 
109 
84 
144 
128 
102 
129 
119 
130 
137 
226 
187 
135 
239 
323 
307 
272 
299 
421 
252 
381 
414 
500 
434 
541 
488 
447 
622 
571 
624 
610 
640 
694 
631 
621 
658 
597 
746 
643 
628 
655 
685 
750 
667 
722 
748 
717 
729 
787 
873 
786 
783 
764 
798 
780 
764 
772 
795 
772 
894 
819 
763 
887 
872 
873 
868 
921 
832 
853 
924 
941 
974 
1003 
1075 
1056 
1023 
1024 
1024 
1043 
1125 
1116 
1115 
1200 
1230 
1214 
1222 
1225 
1303 
1370 
1395 
1424 
1398 
1425 
1497 
1528 
1475 
1536 
1534 
1546 
