# "ClusterAnalysis.largest_size"
89 
183 
217 
200 
195 
221 
226 
189 
260 
296 
275 
311 
251 
266 
313 
317 
290 
306 
275 
222 
228 
227 
334 
296 
216 
177 
256 
243 
233 
278 
284 
211 
233 
324 
291 
220 
205 
285 
293 
407 
333 
375 
316 
385 
387 
322 
469 
498 
534 
507 
469 
462 
454 
482 
394 
439 
500 
439 
451 
513 
469 
420 
430 
518 
418 
450 
527 
521 
578 
577 
594 
675 
651 
594 
690 
744 
691 
701 
695 
746 
747 
767 
726 
663 
694 
673 
652 
696 
802 
744 
782 
792 
813 
727 
757 
752 
769 
763 
754 
864 
860 
