# "ClusterAnalysis.largest_size"
369 
350 
395 
416 
403 
417 
350 
368 
335 
315 
321 
326 
304 
370 
308 
344 
372 
497 
414 
450 
512 
486 
437 
513 
524 
498 
564 
559 
574 
614 
598 
526 
508 
503 
539 
642 
599 
626 
531 
572 
541 
624 
628 
549 
560 
590 
616 
583 
629 
604 
667 
597 
647 
627 
602 
599 
587 
617 
629 
629 
641 
615 
619 
619 
609 
648 
652 
549 
573 
484 
513 
533 
571 
573 
597 
557 
604 
642 
636 
658 
632 
583 
550 
580 
583 
628 
528 
568 
561 
567 
581 
576 
510 
560 
492 
530 
510 
569 
561 
576 
580 
