# "ClusterAnalysis.largest_size"
278 
258 
261 
220 
232 
250 
267 
369 
295 
329 
553 
308 
314 
306 
529 
379 
298 
355 
413 
369 
405 
554 
587 
523 
649 
695 
683 
741 
720 
651 
721 
665 
704 
639 
648 
691 
733 
745 
707 
725 
733 
742 
700 
753 
811 
812 
823 
774 
803 
815 
798 
853 
811 
737 
701 
695 
705 
744 
730 
794 
798 
726 
851 
753 
839 
774 
819 
787 
862 
833 
886 
810 
839 
830 
755 
804 
798 
829 
869 
907 
911 
988 
920 
972 
924 
953 
927 
916 
905 
843 
845 
878 
823 
829 
862 
806 
848 
792 
831 
898 
886 
