# "ClusterAnalysis.largest_size"
164 
133 
79 
121 
125 
205 
155 
240 
252 
158 
178 
322 
318 
359 
380 
340 
388 
436 
357 
444 
464 
452 
531 
483 
457 
447 
450 
444 
429 
423 
417 
451 
404 
524 
566 
534 
523 
596 
644 
735 
1134 
687 
1179 
1182 
1234 
1238 
1145 
1215 
1143 
1223 
1250 
1259 
1243 
1295 
1191 
1270 
1252 
1202 
1196 
1203 
1157 
1150 
1216 
1252 
1234 
1233 
1230 
1150 
1252 
1227 
1264 
1239 
1222 
1277 
1301 
1263 
1230 
1301 
1252 
1280 
1246 
1288 
1303 
1225 
1236 
1332 
1316 
1404 
1398 
1535 
1517 
1522 
1553 
1574 
1699 
1776 
1839 
1896 
1884 
1872 
1955 
