# "ClusterAnalysis.largest_size"
131 
139 
268 
211 
166 
242 
283 
315 
316 
328 
357 
363 
443 
462 
482 
488 
490 
428 
412 
490 
563 
635 
523 
566 
538 
559 
578 
643 
614 
568 
537 
614 
585 
558 
601 
626 
629 
664 
609 
650 
648 
657 
645 
668 
700 
695 
1153 
1136 
1127 
1187 
1189 
1252 
1269 
1242 
1220 
1193 
1171 
1136 
1100 
1165 
1220 
1175 
1240 
1293 
1250 
1301 
1277 
1387 
1405 
1344 
1301 
1431 
1408 
1477 
1505 
1479 
1496 
1535 
1493 
1514 
1546 
1538 
1520 
1428 
1454 
1443 
1507 
1516 
1539 
1607 
1610 
1648 
1639 
1687 
1696 
1720 
1731 
1746 
1745 
1759 
1746 
