# "ClusterAnalysis.largest_size"
304 
363 
345 
440 
415 
391 
446 
451 
210 
514 
470 
554 
384 
572 
513 
556 
608 
578 
625 
562 
569 
578 
435 
586 
637 
648 
632 
628 
638 
648 
641 
629 
631 
619 
682 
624 
612 
660 
678 
734 
755 
714 
736 
715 
753 
724 
702 
730 
739 
713 
707 
749 
1139 
1157 
738 
740 
718 
796 
797 
750 
824 
797 
787 
811 
792 
765 
779 
794 
798 
812 
764 
830 
802 
779 
784 
806 
775 
760 
787 
829 
853 
867 
1139 
1168 
1229 
1234 
1246 
1218 
1266 
1210 
1218 
1242 
1282 
1266 
1256 
1264 
1306 
1298 
1301 
1311 
1347 
