# "ClusterAnalysis.largest_size"
310 
300 
322 
319 
303 
295 
315 
329 
297 
291 
267 
307 
269 
298 
270 
277 
272 
480 
320 
336 
518 
319 
307 
304 
284 
297 
330 
323 
300 
293 
309 
308 
326 
324 
327 
343 
371 
321 
338 
397 
396 
346 
328 
348 
318 
353 
361 
349 
378 
395 
370 
354 
403 
416 
432 
433 
478 
480 
481 
490 
465 
478 
498 
506 
496 
468 
481 
535 
523 
563 
567 
569 
560 
569 
582 
629 
634 
637 
681 
649 
660 
677 
695 
729 
738 
725 
722 
725 
735 
764 
742 
759 
797 
784 
814 
826 
797 
812 
813 
826 
846 
