# "ClusterAnalysis.largest_size"
308 
335 
433 
278 
454 
393 
496 
523 
327 
512 
431 
620 
618 
652 
710 
638 
427 
467 
769 
682 
657 
802 
657 
849 
981 
1096 
853 
877 
963 
1099 
1201 
1254 
912 
989 
959 
1191 
1140 
930 
1190 
1010 
1214 
1221 
1173 
1224 
1260 
1302 
1176 
1252 
1218 
1259 
1151 
1243 
1249 
1222 
1230 
1236 
1250 
1308 
1221 
1210 
1182 
1156 
1228 
1233 
1206 
1238 
1312 
1328 
1328 
1420 
1414 
1470 
1491 
1545 
1580 
1549 
1561 
1598 
1598 
1606 
1610 
1628 
1671 
1649 
1679 
1695 
1749 
1775 
1776 
1914 
1908 
1952 
1961 
2028 
2018 
2090 
2134 
2106 
2183 
2157 
2192 
