# "ClusterAnalysis.largest_size"
505 
502 
584 
520 
531 
611 
598 
638 
648 
688 
689 
688 
754 
770 
796 
760 
753 
745 
811 
741 
776 
779 
774 
787 
795 
799 
793 
828 
837 
878 
807 
850 
884 
914 
896 
936 
870 
905 
931 
989 
1002 
1028 
985 
997 
1016 
1061 
1106 
1114 
1170 
1196 
1215 
1244 
1272 
1285 
1272 
1311 
1332 
1376 
1382 
1440 
1494 
1513 
1522 
1548 
1579 
1543 
1526 
1560 
1523 
1530 
1535 
1543 
1568 
1576 
1615 
1636 
1609 
1614 
1683 
1664 
1632 
1684 
1742 
1723 
1761 
1792 
1716 
1733 
1758 
1759 
1764 
1819 
1832 
1824 
1858 
1871 
1890 
1932 
1956 
1941 
1943 
