# "ClusterAnalysis.largest_size"
516 
539 
609 
874 
577 
830 
955 
896 
929 
825 
873 
833 
876 
860 
871 
929 
974 
967 
1031 
1052 
1114 
1164 
1243 
1359 
1361 
1422 
1482 
1525 
1606 
1662 
1718 
1729 
1813 
1845 
1910 
2069 
2016 
2081 
2114 
2193 
2196 
2270 
2326 
2462 
2533 
2597 
2665 
4482 
4611 
4737 
4908 
5029 
5134 
5197 
5292 
5327 
5430 
5570 
5705 
5703 
5866 
5987 
6016 
6098 
6204 
6174 
6394 
7065 
7068 
7136 
7217 
7358 
7483 
7527 
7597 
7739 
7769 
7801 
7946 
7965 
7944 
8099 
8226 
8194 
8265 
8313 
8314 
8373 
8405 
8474 
8474 
8556 
8674 
8660 
8687 
8772 
8863 
8820 
8908 
8948 
9000 
