# "ClusterAnalysis.largest_size"
239 
332 
337 
373 
418 
491 
543 
522 
597 
646 
846 
749 
852 
1289 
1049 
1279 
1307 
1214 
1546 
1431 
1738 
1778 
1949 
1953 
1828 
1990 
2049 
2266 
2257 
2306 
2197 
2402 
2518 
2619 
2626 
2827 
2903 
2984 
3177 
3336 
3464 
3597 
3697 
3874 
3998 
4142 
4280 
4582 
4706 
4890 
5094 
5277 
5531 
5703 
5790 
5896 
6137 
6414 
6583 
6736 
6872 
7201 
7346 
7559 
7695 
7921 
8128 
8299 
8502 
8688 
8877 
9124 
9319 
9546 
9672 
9866 
10090 
10320 
10572 
10742 
10959 
11023 
11281 
11432 
11688 
11806 
12027 
12211 
12393 
12537 
12735 
12987 
13091 
13289 
13454 
13563 
13855 
14085 
14169 
14294 
14424 
