# "ClusterAnalysis.largest_size"
632 
859 
896 
849 
816 
797 
820 
808 
809 
793 
835 
818 
811 
801 
795 
764 
764 
732 
731 
787 
745 
765 
734 
775 
763 
760 
818 
819 
830 
805 
821 
844 
844 
851 
849 
899 
932 
959 
961 
950 
963 
997 
1025 
1065 
1066 
1123 
1165 
1164 
1176 
1186 
1267 
1246 
1308 
1307 
1344 
1383 
1451 
1411 
1461 
1465 
1521 
1585 
1600 
1589 
1617 
1666 
1687 
1675 
1707 
1736 
2133 
1744 
2181 
2244 
2272 
2288 
2344 
2388 
2339 
2408 
2422 
2436 
2466 
2524 
2503 
2498 
2566 
2576 
2659 
2614 
2654 
2678 
2615 
2706 
2681 
2702 
2739 
2741 
2781 
2803 
2806 
