# "ClusterAnalysis.largest_size"
76 
92 
115 
90 
203 
260 
301 
308 
265 
299 
418 
455 
504 
476 
532 
542 
661 
669 
729 
723 
744 
724 
856 
806 
894 
935 
954 
1005 
1089 
1195 
1328 
1317 
1453 
1539 
1639 
1754 
1796 
1947 
2024 
2158 
2259 
2395 
2487 
2596 
2658 
2781 
2884 
2945 
3111 
3204 
3440 
3513 
3626 
3830 
3949 
4087 
4265 
4396 
4510 
4644 
4755 
4866 
4977 
5228 
5315 
5408 
5628 
5817 
5877 
6006 
6126 
6329 
6531 
6740 
6827 
6920 
7113 
7279 
7401 
7499 
7722 
7919 
7994 
8090 
8143 
8347 
8583 
8691 
8832 
8832 
8992 
9128 
9228 
9412 
9559 
9679 
9948 
9989 
14128 
14250 
14551 
