# "ClusterAnalysis.largest_size"
1346 
1337 
1338 
1275 
650 
1177 
1184 
1074 
993 
1021 
1017 
972 
640 
969 
948 
951 
862 
1016 
791 
551 
777 
1092 
798 
1053 
802 
683 
777 
633 
612 
633 
614 
641 
830 
784 
847 
634 
759 
844 
644 
618 
847 
825 
866 
883 
706 
699 
712 
710 
924 
864 
1001 
914 
806 
853 
845 
832 
880 
796 
714 
807 
816 
904 
894 
918 
851 
892 
904 
836 
928 
938 
982 
1056 
1023 
893 
933 
1001 
975 
990 
959 
978 
983 
988 
994 
920 
1038 
940 
1014 
976 
1042 
1077 
1012 
995 
1133 
1146 
1128 
1034 
967 
1076 
1122 
1145 
1059 
