# "ClusterAnalysis.largest_size"
124 
154 
144 
248 
229 
270 
324 
301 
339 
381 
356 
461 
324 
529 
644 
486 
517 
611 
701 
700 
739 
776 
1335 
777 
797 
801 
865 
983 
866 
886 
931 
894 
976 
988 
1056 
1026 
1026 
975 
1012 
1066 
1030 
1045 
1100 
1241 
1250 
1221 
1268 
1315 
1336 
2227 
2218 
2609 
2280 
2282 
2373 
2341 
2326 
2408 
2504 
2501 
2697 
2621 
2748 
2656 
2697 
1563 
2718 
2699 
2749 
2778 
2738 
2679 
2709 
2731 
2915 
2841 
3102 
3053 
3241 
3141 
3170 
3324 
3444 
3526 
3511 
3515 
3656 
3717 
3749 
3937 
4040 
3988 
4167 
4361 
4255 
4408 
4439 
4545 
4666 
4677 
4761 
