# "ClusterAnalysis.largest_size"
770 
684 
808 
877 
1030 
840 
854 
1218 
1012 
1197 
1136 
1142 
1195 
1253 
1254 
1252 
1110 
1201 
1292 
1149 
1145 
1113 
1224 
1189 
1129 
1126 
1095 
1169 
1132 
1174 
1240 
1112 
1230 
1202 
1269 
1241 
1202 
1203 
1225 
1209 
1187 
1262 
1219 
1205 
1204 
1323 
1316 
1311 
1246 
1236 
1263 
1273 
1240 
1428 
1378 
1363 
1407 
1452 
1414 
1402 
1353 
1433 
1388 
1443 
1468 
1413 
1382 
1465 
1405 
1439 
1526 
1463 
1444 
1503 
1565 
1599 
1647 
1734 
1715 
1765 
1845 
1882 
1903 
1969 
2058 
2101 
2102 
2126 
2212 
2220 
2284 
2426 
2455 
2496 
2561 
2607 
2684 
2750 
2855 
2935 
2963 
