# "ClusterAnalysis.largest_size"
279 
728 
743 
413 
851 
861 
623 
850 
857 
1297 
914 
1093 
1480 
1663 
1418 
1647 
1577 
1436 
1526 
1730 
2146 
2154 
2151 
2385 
2472 
1768 
1770 
1902 
2115 
2152 
2491 
2451 
2131 
2134 
2244 
2257 
2281 
2222 
2415 
2388 
2453 
2424 
2527 
2496 
2963 
2555 
2617 
2667 
2648 
2605 
2469 
2588 
2679 
2666 
2739 
2748 
2849 
2877 
4375 
4264 
2935 
3011 
3084 
3001 
3109 
3088 
3123 
3226 
3130 
3266 
3251 
3294 
3316 
3427 
3468 
3449 
3573 
3643 
3702 
3721 
3818 
3926 
3927 
3997 
4113 
4212 
4252 
4234 
4308 
4392 
4405 
4465 
4409 
4581 
4587 
4635 
4725 
4810 
4847 
4906 
4948 
