# "ClusterAnalysis.largest_size"
2056 
2030 
2119 
2199 
2272 
2213 
2268 
2320 
2354 
2358 
2394 
2400 
2455 
2484 
2581 
2628 
2575 
2645 
2679 
2698 
2725 
2729 
2789 
2830 
2863 
2910 
2922 
2967 
3003 
3006 
2982 
3086 
3003 
3059 
3085 
3117 
3169 
3214 
3244 
3214 
3202 
3229 
3323 
3297 
3342 
3368 
3443 
3433 
3483 
3475 
3465 
3460 
3444 
3469 
3475 
3529 
3574 
3629 
3642 
3624 
3615 
3659 
3646 
3644 
3650 
3684 
3748 
3725 
3714 
3741 
3790 
3813 
3788 
3845 
3818 
3845 
3814 
3798 
3817 
3821 
3808 
3865 
3850 
3851 
3813 
3745 
3858 
3821 
3892 
3875 
3857 
3836 
3830 
3863 
3833 
3905 
3920 
3889 
3912 
3893 
3933 
3925 
3908 
3914 
3903 
3936 
3874 
3886 
3891 
3865 
3883 
3910 
3915 
3917 
4008 
3910 
3928 
3947 
3943 
3880 
3899 
3924 
3967 
3970 
3942 
3950 
3909 
3883 
3811 
3883 
3873 
3867 
3908 
3909 
3893 
3904 
3925 
3951 
3955 
3946 
4034 
3956 
3940 
3926 
3991 
3962 
3985 
4017 
4043 
4047 
3977 
4032 
3990 
3984 
4022 
4043 
4048 
4024 
4014 
3991 
3990 
4028 
4022 
4021 
4054 
4084 
4016 
4019 
4028 
4006 
3996 
4022 
4070 
4027 
3969 
4053 
4032 
4004 
4072 
4054 
3986 
4013 
4021 
4081 
4070 
4044 
4055 
4021 
4034 
4047 
4061 
4047 
4080 
4057 
4064 
4057 
4049 
4075 
4073 
4032 
4090 
4075 
4044 
4056 
4078 
4076 
4027 
4047 
4052 
4103 
4132 
4100 
4072 
4086 
4119 
4172 
4155 
4175 
4221 
4117 
4138 
4188 
4198 
4206 
4244 
4248 
4250 
4252 
4245 
4200 
4259 
4226 
4244 
4237 
4240 
4247 
4240 
4274 
4270 
4267 
4245 
4259 
4292 
4325 
4274 
4279 
4297 
4313 
4288 
4378 
4334 
4342 
4362 
4340 
4368 
4365 
4316 
4413 
4424 
4404 
4408 
4418 
4364 
4408 
4422 
4455 
4484 
4509 
4546 
4580 
4528 
4527 
4555 
4503 
4528 
4528 
4556 
4531 
4575 
4567 
4557 
4554 
4577 
4567 
4549 
4556 
4577 
4534 
4561 
4551 
4593 
4570 
4507 
4508 
4541 
4561 
4617 
4558 
4602 
4610 
4651 
4645 
4590 
4659 
4634 
4645 
4676 
4663 
4674 
4599 
4707 
4690 
4639 
4666 
4653 
4679 
4710 
4771 
4756 
4772 
4779 
4772 
4768 
4788 
4772 
4773 
4770 
4757 
4775 
4823 
4808 
4770 
4803 
4792 
4809 
4761 
4776 
4803 
4761 
4792 
4788 
4767 
4869 
4803 
4869 
4817 
4825 
4882 
4836 
4806 
4819 
4831 
4837 
4834 
4859 
4836 
4836 
4849 
4861 
4898 
4874 
4915 
4882 
4928 
4917 
4900 
4882 
4861 
4871 
4902 
4917 
4924 
4857 
4876 
4874 
4877 
4885 
4864 
4850 
4864 
4913 
4883 
4883 
4910 
4894 
4845 
4908 
4904 
4888 
4872 
4857 
4899 
4866 
4917 
4940 
4927 
4901 
4930 
4940 
4946 
4966 
