# "ClusterAnalysis.largest_size"
1659 
1668 
1706 
1688 
1669 
1686 
1700 
1731 
1728 
1763 
1820 
1744 
1761 
1848 
1810 
1818 
1887 
1943 
1927 
1923 
1958 
2023 
1939 
1974 
2056 
2049 
2048 
2018 
2092 
2113 
2096 
2144 
2095 
2111 
2166 
2128 
2131 
2118 
2176 
2236 
2236 
2208 
2196 
2261 
2264 
2274 
2277 
2285 
2384 
2381 
2341 
2343 
2412 
2441 
2372 
2376 
2373 
2507 
2402 
2493 
2500 
2511 
2469 
2502 
2498 
2585 
2565 
2599 
2591 
2579 
2644 
2679 
2717 
2680 
2681 
2718 
2678 
2678 
2693 
2769 
2769 
2738 
2717 
2709 
2703 
2674 
2748 
2731 
2796 
2811 
2820 
2801 
2841 
2833 
2850 
2846 
2812 
2806 
2833 
2836 
2859 
2863 
2851 
2828 
2872 
2886 
2908 
2984 
2979 
2994 
3009 
3044 
3010 
3037 
3010 
3072 
3096 
3040 
3074 
3082 
3109 
3088 
3125 
3092 
3113 
3147 
3110 
3174 
3096 
3101 
3135 
3158 
3125 
3170 
3176 
3156 
3202 
3209 
3208 
3230 
3192 
3190 
3147 
3185 
3164 
3122 
3199 
3162 
3151 
3145 
3055 
3126 
3181 
3175 
3128 
3177 
3124 
3201 
3179 
3186 
3099 
3173 
3187 
3191 
3224 
3205 
3157 
3189 
3171 
3159 
3134 
3150 
3151 
3115 
3106 
3187 
3203 
3161 
3191 
3239 
3214 
3271 
3277 
3209 
3226 
3242 
3225 
3246 
3275 
3279 
3325 
3297 
3318 
3302 
3279 
3279 
3251 
3244 
3303 
3255 
3324 
3311 
3293 
3247 
3356 
3349 
3361 
3376 
3428 
3368 
3422 
3394 
3373 
3412 
3323 
3370 
3349 
3332 
3368 
3351 
3402 
3339 
3345 
3448 
3390 
3387 
3424 
3369 
3361 
3401 
3427 
3460 
3449 
3464 
3521 
3413 
3477 
3357 
3427 
3415 
3453 
3445 
3445 
3459 
3460 
3401 
3456 
3465 
3459 
3421 
3429 
3473 
3489 
3450 
3457 
3447 
3445 
3419 
3406 
3426 
3444 
3489 
3475 
3518 
3522 
3486 
3540 
3547 
3509 
3536 
3524 
3541 
3508 
3545 
3579 
3572 
3607 
3605 
3537 
3524 
3525 
3564 
3609 
3582 
3557 
3559 
3627 
3614 
3604 
3558 
3577 
3569 
3569 
3579 
3556 
3627 
3626 
3572 
3585 
3606 
3604 
3588 
3593 
3617 
3578 
3599 
3586 
3578 
3578 
3586 
3627 
3623 
3627 
3612 
3640 
3686 
3656 
3669 
3634 
3664 
3626 
3666 
3682 
3717 
3663 
3688 
3709 
3720 
3726 
3674 
3705 
3692 
3678 
3713 
3686 
3722 
3680 
3738 
3727 
3704 
3770 
3704 
3734 
3696 
3710 
3714 
3764 
3758 
3722 
3760 
3757 
3735 
3792 
3807 
3773 
3745 
3769 
3745 
3772 
3729 
3721 
3730 
3747 
3761 
3759 
3786 
3812 
3775 
3792 
3773 
3773 
3745 
3794 
3794 
3819 
3827 
3846 
3778 
3756 
3826 
3812 
3842 
3814 
3786 
3880 
3848 
3877 
3811 
3866 
3845 
3875 
3860 
3852 
3875 
3861 
3837 
3832 
3878 
3892 
3900 
3868 
