# "ClusterAnalysis.largest_size"
965 
1024 
1006 
1042 
1079 
1052 
1080 
931 
977 
1010 
1060 
1121 
1111 
1127 
1162 
1316 
1181 
1286 
1218 
1320 
1317 
1369 
1500 
1334 
1441 
1445 
1519 
1415 
1504 
1496 
1421 
1435 
1471 
1453 
1474 
1506 
1364 
1489 
1457 
1460 
1558 
1413 
1444 
1538 
1520 
1429 
1425 
1500 
1620 
1552 
1621 
1555 
1504 
1375 
1534 
1436 
1534 
1452 
1537 
1491 
1370 
1322 
1442 
1430 
1395 
1356 
1400 
1430 
1378 
1490 
1424 
1404 
1322 
1427 
1330 
1395 
1291 
1382 
1500 
1467 
1465 
1406 
1422 
1486 
1420 
1374 
1511 
1411 
1481 
1536 
1538 
1474 
1481 
1340 
1429 
1432 
1456 
1398 
1316 
1409 
1466 
1421 
1457 
1419 
1589 
1567 
1454 
1673 
1736 
1694 
1710 
1668 
1760 
1588 
1676 
1722 
1818 
1728 
1744 
1713 
1688 
1793 
1767 
1748 
1758 
1809 
1772 
1697 
1662 
1686 
1719 
1673 
1819 
1777 
1725 
1814 
1801 
1791 
1889 
1712 
1776 
1774 
1665 
1643 
1619 
1603 
1592 
1631 
1570 
1590 
1704 
1724 
1740 
1766 
1677 
1569 
1709 
1684 
1705 
1751 
1728 
1625 
1623 
1678 
1634 
1684 
1631 
1588 
1590 
1564 
1516 
1633 
1517 
1572 
1690 
1661 
1726 
1702 
1624 
1643 
1650 
1630 
1603 
1560 
1698 
1710 
1787 
1823 
1720 
1720 
1766 
1653 
1640 
1658 
1714 
1755 
1696 
1678 
1734 
1693 
1738 
1817 
1781 
1765 
1773 
1733 
1694 
1708 
1744 
1778 
1824 
1791 
1831 
1785 
1791 
1816 
1728 
1773 
1695 
1744 
1795 
1888 
1868 
1944 
1896 
1938 
1956 
1952 
1963 
2040 
2101 
2024 
2131 
2085 
1978 
1997 
2044 
2108 
2097 
2015 
2067 
2145 
2037 
2153 
2071 
2032 
1973 
2091 
2027 
2036 
2109 
2025 
2108 
2144 
2139 
2094 
2045 
2024 
2074 
2046 
2056 
2028 
2040 
2041 
1980 
2062 
2066 
2080 
2022 
2101 
2100 
2057 
2104 
2174 
2289 
2278 
2273 
2249 
2320 
2357 
2395 
2430 
2502 
2445 
2515 
2576 
2607 
2606 
2668 
2666 
2679 
2759 
2729 
2701 
2798 
2792 
2785 
2784 
2811 
2861 
2890 
2916 
2899 
2885 
2961 
2863 
2856 
2955 
2947 
2908 
2926 
2951 
2924 
2924 
2955 
2985 
2968 
3000 
2988 
3012 
3029 
2936 
3009 
2960 
2965 
3032 
3024 
3062 
3036 
3049 
2960 
3090 
2993 
3002 
3093 
3079 
3126 
3080 
3105 
3134 
3083 
3139 
3198 
3192 
3152 
3155 
3091 
3100 
3095 
3119 
3137 
3083 
3166 
3218 
3165 
3199 
3228 
3258 
3280 
3290 
3314 
3286 
3330 
3310 
3323 
3298 
3328 
3339 
3321 
3347 
3232 
3237 
3249 
3287 
3236 
3264 
3273 
3278 
3289 
3309 
3288 
3237 
3351 
3296 
3318 
3348 
3283 
3294 
3295 
3304 
3243 
3299 
3288 
3307 
3395 
3323 
3303 
3323 
3344 
3311 
3333 
