# "ClusterAnalysis.largest_size"
433 
365 
477 
421 
399 
494 
380 
369 
419 
367 
258 
262 
257 
315 
290 
348 
275 
226 
262 
270 
276 
171 
249 
289 
215 
175 
195 
249 
176 
119 
117 
120 
162 
106 
208 
183 
159 
126 
147 
146 
198 
142 
141 
212 
254 
122 
127 
115 
135 
254 
381 
213 
285 
217 
165 
180 
245 
190 
309 
188 
153 
281 
173 
194 
260 
215 
282 
381 
334 
677 
420 
518 
499 
379 
250 
340 
340 
328 
498 
365 
190 
226 
208 
154 
164 
294 
256 
329 
291 
335 
300 
285 
279 
318 
286 
236 
315 
335 
213 
266 
217 
160 
299 
293 
428 
511 
586 
650 
572 
723 
795 
834 
813 
867 
1015 
995 
980 
866 
1079 
958 
942 
993 
860 
944 
1122 
1140 
1042 
940 
1154 
1056 
1120 
1164 
1144 
1082 
1043 
1019 
967 
1090 
1074 
1132 
1025 
1030 
957 
977 
962 
1114 
1116 
1157 
1188 
1223 
1307 
1106 
1319 
1351 
1271 
1232 
1168 
1303 
1129 
1155 
1136 
1129 
1261 
1275 
1165 
1377 
1429 
1275 
1303 
1306 
1347 
1284 
925 
1366 
1202 
1276 
1303 
1229 
1338 
1330 
1243 
1262 
1250 
1228 
1180 
1244 
1299 
1358 
1429 
1236 
1323 
1348 
1379 
1414 
1267 
1338 
1403 
1505 
1385 
1315 
1518 
1444 
1394 
1359 
1367 
1319 
1422 
1374 
1421 
1467 
1324 
1376 
1323 
1331 
1438 
1436 
1375 
1500 
1416 
1420 
1444 
1412 
1409 
1552 
1498 
1484 
1601 
1547 
1537 
1469 
1510 
1606 
1601 
1615 
1418 
1578 
1593 
1660 
1469 
1576 
1542 
1500 
1607 
1551 
1497 
1547 
1566 
1516 
1518 
1387 
1320 
1316 
1357 
1528 
1505 
1428 
1422 
1461 
1534 
1474 
1422 
1550 
1584 
1489 
1477 
1566 
1653 
1550 
1591 
1693 
1676 
1712 
1624 
1549 
1619 
1573 
1657 
1633 
1671 
1697 
1544 
1676 
1649 
1702 
1613 
1670 
1729 
1731 
1657 
1644 
1684 
1758 
1713 
1640 
1660 
1628 
1556 
1677 
1655 
1635 
1632 
1680 
1765 
1770 
1710 
1703 
1769 
1782 
1779 
1841 
1778 
1797 
1811 
1782 
1672 
1672 
1707 
1614 
1742 
1843 
1800 
1730 
1761 
1735 
1770 
1733 
1724 
1690 
1738 
1838 
1774 
1714 
1733 
1683 
1647 
1786 
1790 
1747 
1787 
1829 
1769 
1794 
1900 
1788 
1938 
1780 
1774 
1717 
1776 
1784 
1810 
1809 
1834 
1840 
1845 
1869 
1883 
1822 
1965 
1983 
1938 
1997 
2003 
2035 
1925 
1981 
1945 
1959 
1913 
1879 
1951 
1966 
1998 
1973 
2031 
1983 
1981 
1994 
2014 
2021 
2012 
1983 
1943 
1953 
1904 
1881 
1946 
1919 
1945 
1895 
1978 
1891 
1964 
2023 
1939 
1923 
1920 
1915 
1931 
1932 
1913 
