# "ClusterAnalysis.largest_size"
21 
20 
29 
35 
24 
25 
45 
30 
43 
86 
56 
49 
59 
77 
50 
74 
40 
33 
35 
34 
29 
42 
63 
42 
38 
22 
19 
40 
27 
30 
25 
44 
28 
24 
31 
26 
36 
34 
34 
39 
27 
20 
50 
25 
44 
33 
63 
48 
68 
35 
33 
36 
38 
29 
24 
36 
22 
22 
27 
38 
26 
29 
23 
28 
20 
24 
22 
21 
28 
39 
24 
21 
28 
21 
29 
29 
33 
26 
30 
47 
39 
48 
37 
38 
59 
27 
21 
51 
22 
43 
31 
41 
26 
25 
23 
28 
30 
40 
49 
34 
38 
29 
31 
27 
47 
32 
41 
31 
45 
25 
33 
51 
43 
27 
34 
42 
35 
30 
24 
19 
30 
20 
32 
26 
24 
28 
26 
52 
32 
36 
37 
25 
41 
28 
26 
31 
23 
36 
31 
38 
37 
25 
56 
36 
35 
38 
33 
41 
51 
29 
25 
52 
26 
48 
32 
26 
32 
43 
37 
37 
35 
31 
38 
28 
57 
43 
22 
41 
32 
36 
25 
34 
32 
24 
25 
42 
44 
38 
33 
36 
32 
41 
24 
31 
26 
31 
29 
38 
26 
27 
29 
37 
30 
33 
30 
31 
38 
47 
22 
77 
50 
28 
35 
30 
30 
35 
31 
24 
32 
28 
37 
24 
29 
25 
26 
33 
21 
25 
31 
24 
48 
30 
29 
35 
26 
38 
27 
37 
43 
26 
43 
39 
34 
26 
30 
32 
37 
62 
30 
43 
37 
41 
47 
33 
64 
77 
28 
28 
45 
48 
33 
23 
42 
27 
28 
40 
31 
34 
35 
30 
35 
42 
44 
41 
41 
31 
37 
26 
38 
46 
37 
52 
60 
36 
45 
47 
27 
41 
41 
49 
31 
34 
31 
23 
29 
41 
23 
35 
30 
50 
52 
47 
48 
59 
46 
34 
47 
45 
42 
59 
44 
22 
48 
35 
47 
54 
58 
51 
32 
36 
36 
31 
30 
39 
40 
66 
45 
42 
49 
56 
43 
28 
30 
28 
30 
36 
29 
46 
32 
52 
29 
44 
31 
59 
38 
39 
29 
31 
43 
27 
27 
34 
34 
40 
49 
32 
22 
33 
26 
30 
24 
57 
46 
37 
23 
32 
31 
22 
25 
25 
28 
23 
21 
38 
47 
48 
31 
28 
28 
32 
50 
31 
55 
41 
62 
49 
25 
29 
36 
41 
25 
34 
33 
23 
26 
38 
41 
28 
24 
54 
58 
38 
34 
42 
19 
31 
29 
24 
29 
30 
34 
31 
41 
47 
70 
41 
23 
40 
22 
24 
67 
33 
66 
93 
80 
38 
57 
60 
32 
110 
45 
71 
66 
87 
53 
50 
109 
75 
72 
92 
81 
43 
35 
59 
64 
32 
57 
74 
38 
50 
75 
43 
51 
42 
65 
68 
55 
44 
50 
59 
64 
59 
75 
72 
61 
62 
55 
79 
80 
51 
98 
85 
85 
77 
56 
49 
38 
55 
41 
64 
39 
54 
58 
26 
24 
29 
41 
59 
31 
52 
25 
24 
35 
35 
32 
37 
27 
30 
36 
30 
26 
35 
38 
42 
46 
41 
45 
39 
43 
36 
28 
38 
37 
35 
46 
50 
41 
29 
30 
41 
34 
30 
63 
38 
46 
50 
25 
28 
30 
25 
26 
52 
59 
57 
32 
35 
37 
33 
51 
42 
57 
36 
63 
34 
33 
35 
35 
44 
28 
35 
52 
29 
51 
80 
26 
55 
65 
51 
71 
110 
48 
45 
91 
71 
80 
68 
65 
56 
39 
80 
66 
74 
83 
67 
70 
42 
46 
74 
83 
46 
54 
47 
62 
77 
72 
51 
38 
55 
31 
50 
43 
38 
57 
31 
37 
31 
37 
24 
27 
47 
36 
37 
48 
40 
36 
36 
48 
55 
32 
39 
30 
32 
33 
29 
30 
31 
39 
48 
39 
48 
24 
56 
44 
38 
48 
82 
31 
61 
33 
43 
47 
31 
43 
34 
47 
23 
42 
26 
28 
46 
44 
39 
38 
34 
47 
35 
28 
56 
39 
24 
21 
35 
30 
22 
44 
41 
47 
39 
30 
30 
29 
44 
52 
31 
59 
32 
42 
49 
34 
56 
78 
61 
49 
34 
25 
41 
36 
37 
46 
29 
32 
32 
27 
48 
23 
26 
31 
27 
34 
23 
29 
29 
44 
46 
31 
28 
26 
41 
32 
30 
22 
28 
42 
36 
47 
56 
60 
61 
41 
31 
43 
37 
39 
46 
56 
26 
41 
19 
39 
33 
35 
29 
32 
48 
46 
24 
22 
46 
25 
24 
41 
27 
22 
46 
52 
46 
42 
24 
42 
31 
30 
30 
28 
51 
26 
27 
47 
45 
30 
27 
45 
39 
51 
49 
61 
55 
42 
58 
39 
40 
29 
37 
40 
34 
39 
37 
30 
32 
48 
39 
40 
25 
45 
24 
31 
41 
32 
43 
40 
27 
24 
30 
27 
54 
29 
64 
52 
42 
30 
26 
45 
34 
31 
23 
27 
32 
45 
42 
44 
27 
37 
38 
19 
33 
28 
34 
32 
30 
34 
29 
34 
35 
38 
38 
34 
29 
32 
40 
34 
40 
28 
51 
48 
27 
32 
40 
44 
58 
49 
55 
44 
48 
51 
52 
44 
37 
39 
31 
73 
48 
41 
47 
53 
43 
56 
77 
71 
42 
42 
62 
77 
71 
40 
28 
44 
38 
32 
42 
43 
31 
38 
48 
39 
29 
39 
53 
40 
27 
28 
42 
47 
31 
30 
46 
44 
48 
42 
44 
37 
39 
36 
41 
39 
53 
35 
53 
39 
64 
71 
69 
56 
78 
73 
89 
54 
49 
39 
54 
39 
31 
48 
37 
28 
40 
46 
40 
51 
41 
28 
41 
24 
33 
29 
23 
53 
22 
23 
34 
21 
30 
24 
64 
30 
34 
56 
36 
30 
26 
26 
17 
20 
22 
23 
24 
28 
27 
30 
36 
27 
27 
38 
53 
41 
29 
40 
54 
41 
36 
47 
44 
41 
56 
22 
37 
35 
38 
46 
34 
53 
32 
56 
52 
56 
60 
73 
62 
65 
55 
72 
50 
100 
128 
55 
39 
40 
35 
74 
40 
35 
22 
31 
34 
37 
72 
47 
33 
41 
57 
61 
47 
42 
47 
41 
45 
38 
35 
33 
46 
57 
46 
48 
31 
38 
38 
66 
34 
37 
81 
35 
60 
102 
