# "ClusterAnalysis.largest_size"
2104 
2090 
2095 
2103 
2095 
2057 
2067 
2083 
2053 
2076 
2050 
2056 
2060 
2017 
2100 
2081 
2102 
2097 
2080 
2108 
2091 
2117 
2115 
2097 
2087 
2107 
2077 
2099 
2101 
2067 
2054 
2074 
2088 
2087 
2107 
2109 
2081 
2073 
2055 
2066 
2054 
2068 
2082 
2065 
2080 
2099 
2092 
2060 
2108 
2103 
2054 
2068 
2028 
2041 
2094 
2098 
2100 
2075 
2092 
2105 
2113 
2117 
2092 
2101 
2098 
2100 
2109 
2127 
2109 
2138 
2128 
2119 
2124 
2114 
2114 
2130 
2124 
2150 
2104 
2096 
2094 
2120 
2117 
2091 
2064 
2114 
2093 
2087 
2123 
2128 
2146 
2098 
2110 
2109 
2088 
2115 
2104 
2112 
2120 
2121 
2071 
2083 
2075 
2121 
2105 
2098 
2119 
2124 
2168 
2145 
2150 
2103 
2081 
2111 
2101 
2142 
2087 
2072 
2092 
2073 
2033 
2059 
2018 
2009 
2029 
2028 
2018 
2044 
2045 
2054 
2056 
2067 
2062 
2041 
2062 
2055 
2052 
2035 
2049 
2032 
2074 
2061 
2095 
2077 
2063 
2042 
2060 
2055 
2070 
2059 
2087 
2076 
2060 
2081 
2078 
2058 
2074 
2074 
2071 
2072 
2091 
2065 
2077 
2059 
2100 
2038 
2078 
2088 
2095 
2138 
2154 
2124 
2136 
2131 
2166 
2146 
2162 
2142 
2154 
2114 
2104 
2101 
2094 
2116 
2122 
2143 
2122 
2114 
2133 
2143 
2091 
2108 
2113 
2124 
2125 
2114 
2125 
2111 
2105 
2121 
2115 
2127 
2116 
2108 
2106 
2149 
2142 
2131 
2122 
2058 
2118 
2107 
2085 
2104 
2109 
2110 
2136 
2073 
2077 
2117 
2060 
2045 
2080 
2118 
2057 
2085 
2056 
2068 
2056 
2082 
2101 
2068 
2068 
2067 
2045 
2078 
2048 
2083 
2071 
2055 
2071 
2103 
2075 
2080 
2063 
2057 
2054 
2087 
2094 
2088 
2095 
2063 
2065 
2050 
2063 
2068 
2053 
2077 
2058 
2072 
2092 
2066 
2057 
2044 
2055 
2089 
2067 
2062 
2057 
2088 
2067 
2060 
2072 
2057 
2089 
2083 
2054 
2064 
2079 
2078 
2065 
2043 
2096 
2094 
2092 
2063 
2069 
2060 
2081 
2095 
2067 
2074 
2083 
2082 
2107 
2106 
2086 
2110 
2080 
2081 
2121 
2119 
2105 
2125 
2114 
2091 
2102 
2109 
2107 
2109 
2110 
2092 
2107 
2084 
2095 
2109 
2114 
2101 
2108 
2095 
2083 
2089 
2085 
2116 
2109 
2143 
2108 
2118 
2134 
2080 
2099 
2055 
2064 
2111 
2091 
2128 
2095 
2107 
2102 
2083 
2062 
2093 
2082 
2098 
2080 
2081 
2089 
2075 
2074 
2102 
2107 
2090 
2085 
2089 
2088 
2112 
2102 
2067 
2085 
2129 
2137 
2111 
2134 
2126 
2128 
2112 
2095 
2097 
2124 
2094 
2128 
2124 
2149 
2152 
2135 
2124 
2148 
2141 
2127 
2100 
2120 
2135 
2117 
2125 
2111 
2131 
2131 
2162 
2177 
2159 
2175 
2171 
2146 
2141 
2149 
2169 
2153 
2155 
2163 
2199 
2177 
2189 
2188 
2215 
2168 
2165 
2137 
2169 
2155 
2149 
2153 
2119 
2171 
2163 
2149 
2175 
2142 
2126 
2147 
2188 
2162 
2156 
2165 
2174 
2145 
2183 
2140 
2133 
2136 
2152 
2156 
2161 
2152 
2186 
2149 
2194 
2169 
2177 
2159 
2145 
2120 
2092 
2156 
2140 
2144 
2173 
2141 
2162 
2155 
2171 
2156 
2148 
2122 
2143 
2136 
2145 
2156 
2159 
2147 
2124 
2152 
2160 
2143 
2157 
2148 
2111 
2137 
2105 
2140 
2138 
2115 
2121 
2110 
2099 
2082 
2108 
2083 
2104 
2112 
2068 
2074 
2092 
2099 
2090 
2084 
2106 
2073 
2054 
2049 
2041 
2008 
2028 
2049 
2013 
2035 
2018 
2000 
1988 
1992 
2007 
2030 
1993 
2003 
2015 
2033 
2024 
2016 
1994 
1990 
2028 
2048 
2027 
2021 
2014 
2034 
2019 
2023 
2051 
2058 
2021 
2048 
2030 
2040 
2038 
2041 
2052 
2043 
2032 
2051 
2022 
2086 
2033 
2067 
2076 
2073 
2039 
2062 
2092 
2080 
2074 
2045 
2096 
2080 
2103 
2098 
2094 
2125 
2126 
2112 
2123 
2090 
2101 
2123 
2131 
2115 
2097 
2104 
2144 
2093 
2126 
2098 
2092 
2108 
2098 
2111 
2112 
2133 
2113 
2105 
2103 
2111 
2097 
2151 
2143 
2092 
2104 
2097 
2122 
2132 
2138 
2091 
2116 
2065 
2062 
2084 
2056 
2058 
2059 
2094 
2067 
2039 
2035 
2042 
2024 
2006 
2046 
2006 
2028 
2041 
2013 
2053 
2030 
2052 
2029 
2037 
2031 
2057 
2034 
2072 
2008 
2037 
2039 
2033 
2019 
2025 
2032 
1987 
2002 
2044 
2014 
2013 
2043 
2024 
1980 
2009 
1983 
2012 
2032 
1981 
2048 
1999 
1981 
1981 
2008 
2034 
2006 
2003 
2021 
2034 
2039 
2037 
2039 
2037 
2034 
2031 
2037 
2054 
2054 
1999 
2026 
2010 
2044 
2067 
2046 
2039 
2033 
2046 
2095 
2058 
2083 
2066 
2058 
2065 
2073 
2077 
2100 
2094 
2100 
2109 
2095 
2072 
2095 
2109 
2050 
2046 
2070 
2065 
2065 
2054 
2062 
2095 
2045 
2069 
2072 
2071 
2058 
2058 
2072 
2061 
2072 
2098 
2073 
2105 
2051 
2052 
2047 
2053 
2046 
2043 
2026 
2008 
2022 
1996 
2013 
1983 
2000 
2048 
2035 
2036 
2008 
2048 
2010 
2039 
2024 
2035 
2028 
2012 
1984 
2011 
2036 
2028 
2043 
2019 
2027 
2004 
2058 
2021 
2039 
2049 
2037 
2040 
2043 
2013 
2017 
1990 
2007 
1963 
1981 
2000 
2026 
1983 
1960 
2013 
2014 
1965 
1965 
1970 
1989 
1978 
1965 
1997 
2003 
1994 
2010 
2013 
2000 
2005 
2031 
2026 
1996 
1974 
2022 
1993 
2011 
2044 
2018 
1995 
2024 
2024 
2056 
2034 
2048 
2009 
2034 
2082 
2052 
2043 
2028 
2056 
2020 
2050 
2054 
2053 
2079 
2053 
2035 
2063 
2112 
2089 
2061 
2052 
2062 
2089 
2074 
2092 
2083 
2062 
2060 
2077 
2096 
2075 
2107 
2107 
2099 
2085 
2103 
2103 
2096 
2083 
2098 
2100 
2063 
2078 
2126 
2089 
2102 
2082 
2096 
2105 
2112 
2105 
2121 
2127 
2119 
2118 
2116 
2112 
2099 
2114 
2081 
2069 
2099 
2105 
2096 
2090 
2092 
2081 
2078 
2118 
2117 
2126 
2125 
2071 
2095 
2134 
2137 
2117 
2090 
2118 
2149 
2141 
2131 
2097 
2132 
2137 
2131 
2142 
2145 
2148 
2138 
2114 
2110 
2079 
2119 
2105 
2122 
2138 
2141 
2119 
2117 
2085 
2117 
2109 
2103 
2137 
2112 
2121 
2147 
2110 
2125 
2143 
2167 
2131 
2123 
2119 
2140 
2143 
2147 
2130 
2130 
2105 
2133 
2144 
2148 
2134 
2158 
2134 
2135 
2141 
2108 
2143 
2098 
2109 
2123 
2138 
2110 
2138 
2117 
2111 
2063 
2076 
2054 
2084 
2112 
2115 
2091 
2079 
2088 
2071 
2095 
2095 
2067 
2104 
2104 
2066 
2099 
2085 
2108 
2098 
2078 
2100 
2079 
2113 
2088 
2121 
2120 
2116 
2110 
2116 
2113 
2104 
2138 
2157 
2158 
2159 
2161 
2182 
2161 
2143 
2129 
2123 
2098 
2143 
2121 
2135 
2122 
2138 
2154 
2125 
2124 
2116 
2167 
2134 
2158 
2132 
2139 
2127 
2125 
2109 
2129 
2134 
2164 
2146 
2132 
2154 
2107 
2081 
2091 
2059 
2095 
2093 
2107 
2105 
2102 
2130 
2116 
2135 
2104 
2125 
2109 
2136 
2132 
2107 
2113 
2090 
2129 
2106 
2131 
2145 
2107 
2132 
