# "ClusterAnalysis.largest_size"
1793 
1680 
1691 
1736 
1756 
1773 
1775 
1768 
1807 
1750 
1779 
1695 
1730 
1702 
1684 
1736 
1717 
1789 
1841 
1788 
1775 
1860 
1888 
1861 
1886 
1916 
1846 
1832 
1910 
1946 
1951 
2013 
1945 
1964 
1976 
2059 
1988 
2017 
2026 
2027 
2116 
2121 
2185 
2156 
2186 
2145 
2214 
2199 
2217 
2286 
2212 
2189 
2243 
2144 
2213 
2293 
2249 
2264 
2286 
2339 
2229 
2277 
2267 
2309 
2282 
2303 
2395 
2337 
2313 
2357 
2386 
2370 
2447 
2412 
2457 
2467 
2412 
2439 
2441 
2378 
2458 
2416 
2447 
2550 
2503 
2534 
2517 
2566 
2526 
2493 
2599 
2472 
2511 
2491 
2533 
2542 
2639 
2634 
2558 
2452 
2510 
2592 
2597 
2537 
2507 
2574 
2618 
2590 
2547 
2524 
2605 
2599 
2621 
2565 
2616 
2572 
2604 
2574 
2520 
2621 
2618 
2627 
2613 
2612 
2642 
2620 
2583 
2576 
2558 
2584 
2553 
2639 
2651 
2640 
2651 
2623 
2618 
2659 
2603 
2625 
2638 
2574 
2596 
2700 
2593 
2642 
2609 
2602 
2593 
2695 
2652 
2625 
2624 
2631 
2695 
2670 
2649 
2699 
2709 
2706 
2693 
2683 
2736 
2680 
2692 
2700 
2678 
2699 
2710 
2654 
2679 
2604 
2594 
2683 
2666 
2750 
2678 
2738 
2725 
2737 
2818 
2745 
2736 
2775 
2814 
2778 
2776 
2776 
2799 
2788 
2779 
2819 
2839 
2750 
2767 
2782 
2767 
2808 
2857 
2825 
2857 
2823 
2778 
2800 
2830 
2823 
2816 
2870 
2882 
2872 
2918 
2898 
2939 
2820 
2946 
2913 
2909 
2905 
2916 
2903 
2878 
2872 
2916 
2941 
2917 
2931 
2907 
2917 
2931 
2947 
2887 
2928 
2892 
2888 
2946 
2915 
2923 
2983 
2980 
2947 
2994 
2967 
2958 
2979 
3012 
3005 
2949 
2985 
3022 
2990 
3013 
3012 
3013 
3087 
3028 
2986 
3024 
3051 
3076 
3070 
3089 
3029 
3087 
3123 
3041 
3016 
3046 
3086 
3082 
3124 
3100 
3066 
3067 
3121 
3033 
3055 
3068 
3153 
3151 
3132 
3180 
3120 
3140 
3134 
3105 
3099 
3097 
3105 
3171 
3106 
3143 
3158 
3122 
3117 
3097 
3159 
3173 
3142 
3142 
3157 
3118 
3118 
3141 
3147 
3126 
3153 
3185 
3173 
3190 
3199 
3192 
3207 
3209 
3156 
3281 
3180 
3224 
3307 
3249 
3261 
3281 
3245 
3210 
3240 
3231 
3264 
3251 
3283 
3262 
3298 
3281 
3257 
3314 
3279 
3290 
3282 
3331 
3322 
3271 
3321 
3393 
3344 
3326 
3342 
3350 
3317 
3249 
3304 
3317 
3314 
3304 
3286 
3312 
3319 
3311 
3375 
3380 
3384 
3375 
3391 
3379 
3398 
3400 
3426 
3452 
3390 
3404 
3414 
3399 
3484 
3466 
3458 
3511 
3471 
3475 
3483 
3445 
3468 
3485 
3520 
3521 
3520 
3509 
3506 
3483 
3525 
3539 
3555 
3591 
3585 
3550 
3588 
3585 
3603 
3583 
3592 
3563 
3569 
3599 
3609 
3545 
