# "ClusterAnalysis.largest_size"
536 
541 
434 
508 
652 
608 
667 
600 
748 
773 
672 
678 
770 
797 
794 
707 
792 
844 
702 
796 
807 
931 
928 
970 
889 
956 
917 
947 
866 
915 
870 
859 
937 
896 
978 
957 
843 
889 
990 
964 
959 
1004 
859 
907 
925 
965 
948 
933 
948 
933 
975 
893 
881 
1058 
1006 
927 
1287 
835 
1275 
1314 
1281 
1157 
1140 
1183 
1077 
1206 
1166 
1212 
1242 
1232 
1226 
1271 
1404 
1357 
1290 
1322 
1500 
1379 
1422 
1415 
1419 
1427 
1397 
1490 
1464 
1539 
1531 
1542 
1575 
1465 
1446 
1392 
1450 
1397 
1561 
1530 
1592 
1534 
1544 
1425 
1447 
1563 
1551 
1586 
1554 
1546 
1517 
1598 
1536 
1643 
1538 
1513 
1565 
1692 
1553 
1598 
1583 
1538 
1473 
1550 
1542 
1544 
1535 
1580 
1546 
1540 
1623 
1519 
1569 
1610 
1586 
1586 
1631 
1665 
1541 
1631 
1644 
1651 
1675 
1722 
1637 
1691 
1706 
1718 
1634 
1633 
1658 
1801 
1656 
1699 
1788 
1842 
1750 
1844 
1709 
1727 
1702 
1692 
1681 
1687 
1740 
1614 
1752 
1707 
1704 
1668 
1635 
1584 
1644 
1724 
1735 
1745 
1783 
1792 
1880 
1940 
2024 
1968 
1952 
1984 
1988 
2002 
1978 
1954 
1965 
2020 
1927 
1952 
1936 
1990 
2032 
1979 
1979 
1947 
1905 
1963 
1980 
1998 
1923 
2029 
1974 
1981 
1921 
1943 
2014 
2057 
2005 
2034 
1976 
1928 
2029 
2088 
2076 
2032 
1987 
2044 
2005 
2037 
2019 
1964 
2031 
2072 
2165 
2175 
2246 
2306 
2351 
2413 
2540 
2530 
2606 
2577 
2696 
2697 
2716 
2781 
2793 
2776 
2799 
2824 
2843 
2832 
2896 
2869 
2864 
2911 
2902 
2951 
2911 
2935 
2947 
2982 
2914 
2949 
2959 
3003 
3025 
3018 
3009 
2961 
2969 
2944 
2959 
2964 
2971 
2967 
3029 
3008 
3056 
3046 
3072 
3064 
3065 
3061 
3070 
3091 
3080 
3077 
3083 
3123 
3052 
3111 
3181 
3199 
3162 
3146 
3126 
3157 
3134 
3150 
3165 
3157 
3131 
3212 
3166 
3194 
3140 
3216 
3103 
3220 
3192 
3174 
3202 
3136 
3143 
3205 
3199 
3185 
3163 
3211 
3203 
3251 
3317 
3269 
3334 
3297 
3270 
3335 
3225 
3191 
3224 
3148 
3205 
3198 
3221 
3202 
3284 
3256 
3290 
3342 
3368 
3348 
3309 
3379 
3407 
3371 
3356 
3352 
3391 
3395 
3347 
3332 
3339 
3328 
3372 
3309 
3343 
3360 
3336 
3394 
3424 
3390 
3385 
3356 
3375 
3396 
3350 
3394 
3381 
3396 
3355 
3433 
3458 
3387 
3430 
3394 
3387 
3359 
3411 
3395 
3371 
3405 
3417 
3431 
3378 
3389 
3284 
3370 
3400 
3406 
3383 
3367 
3358 
3392 
3303 
3367 
3346 
3458 
3466 
3414 
3450 
3488 
3386 
3436 
3407 
3444 
3440 
3436 
3446 
3439 
3500 
