# "ClusterAnalysis.largest_size"
1430 
1302 
1353 
1421 
1334 
1439 
1470 
1462 
1418 
1394 
1543 
1528 
1607 
1633 
1645 
1553 
1631 
1626 
1768 
1704 
1728 
1689 
1740 
1783 
1699 
1769 
1770 
1739 
1763 
1781 
1828 
1957 
1885 
1963 
2003 
1985 
2000 
2044 
1973 
1947 
2008 
1989 
2025 
2123 
2128 
2174 
2198 
2215 
2291 
2268 
2257 
2283 
2170 
2225 
2238 
2249 
2265 
2342 
2300 
2375 
2388 
2370 
2417 
2403 
2390 
2340 
2473 
2377 
2441 
2412 
2498 
2545 
2500 
2468 
2466 
2479 
2391 
2469 
2469 
2507 
2504 
2473 
2442 
2441 
2500 
2594 
2536 
2530 
2577 
2563 
2556 
2504 
2597 
2542 
2584 
2634 
2512 
2553 
2612 
2514 
2540 
2599 
2547 
2590 
2531 
2532 
2538 
2595 
2604 
2608 
2624 
2733 
2679 
2579 
2658 
2615 
2639 
2557 
2595 
2514 
2557 
2527 
2598 
2621 
2627 
2684 
2694 
2666 
2633 
2689 
2677 
2656 
2675 
2651 
2615 
2605 
2672 
2543 
2603 
2521 
2591 
2603 
2682 
2561 
2652 
2628 
2650 
2655 
2611 
2650 
2684 
2681 
2720 
2630 
2592 
2673 
2659 
2615 
2643 
2651 
2567 
2646 
2658 
2679 
2649 
2618 
2689 
2710 
2736 
2721 
2650 
2748 
2740 
2805 
2739 
2752 
2809 
2876 
2830 
2790 
2837 
2871 
2885 
2929 
2835 
2824 
2809 
2754 
2875 
2828 
2780 
2808 
2820 
2836 
2818 
2831 
2793 
2781 
2764 
2833 
2815 
2835 
2858 
2788 
2784 
2830 
2796 
2782 
2834 
2839 
2829 
2895 
2893 
2910 
2896 
2888 
2853 
2858 
2904 
2874 
2872 
2917 
2877 
2879 
2818 
2797 
2810 
2865 
2811 
2801 
2747 
2802 
2797 
2805 
2788 
2872 
2841 
2809 
2946 
2925 
2924 
2936 
2933 
2985 
2944 
2908 
2855 
2833 
2881 
2814 
2870 
2897 
2967 
2918 
2940 
2854 
2840 
2862 
2926 
2946 
2988 
2967 
2889 
2959 
2809 
2888 
2942 
2965 
2954 
3041 
3034 
3123 
3024 
3031 
3035 
3038 
3065 
2986 
3023 
3014 
3025 
2995 
3054 
3017 
3008 
3019 
3036 
3081 
3116 
3075 
3049 
3059 
3085 
3104 
3039 
3060 
2975 
3081 
3077 
3067 
3068 
3120 
3171 
3078 
3152 
3124 
3082 
3132 
3220 
3146 
3178 
3197 
3171 
3192 
3127 
3176 
3178 
3213 
3202 
3207 
3212 
3100 
3092 
3065 
3162 
3173 
3145 
3071 
3134 
3085 
3121 
3093 
3178 
3122 
3054 
3166 
3131 
3232 
3198 
3166 
3188 
3204 
3212 
3234 
3214 
3204 
3186 
3210 
3153 
3156 
3185 
3143 
3196 
3264 
3297 
3287 
3340 
3270 
3356 
3279 
3313 
3258 
3212 
3278 
3273 
3217 
3183 
3280 
3289 
3321 
3287 
3244 
3198 
3242 
3281 
3242 
3263 
3316 
3217 
3226 
3285 
3266 
3287 
3241 
3201 
3259 
3208 
3267 
3228 
3283 
3250 
3216 
3190 
3234 
3257 
3261 
3275 
3298 
3213 
3240 
3291 
