# "ClusterAnalysis.largest_size"
1345 
1319 
1253 
1228 
1259 
1274 
1289 
1209 
1293 
1238 
1271 
1312 
1376 
1308 
1374 
1315 
1336 
1417 
1376 
1353 
1399 
1465 
1418 
1378 
1338 
1427 
1358 
1395 
1452 
1428 
1413 
1556 
1541 
1598 
1496 
1534 
1557 
1609 
1596 
1607 
1658 
1705 
1692 
1795 
1749 
1736 
1790 
1822 
1788 
1792 
1861 
1778 
1826 
1769 
1809 
1823 
1800 
1848 
1860 
1784 
1817 
1742 
1735 
1810 
1767 
1720 
1824 
1795 
1803 
1768 
1893 
1798 
1883 
1865 
1828 
1829 
1869 
1821 
1831 
1905 
1918 
1841 
1903 
1934 
2058 
1977 
2031 
1969 
2043 
1921 
1915 
2051 
2015 
2052 
2069 
1981 
2039 
1989 
1944 
2034 
2065 
2030 
2088 
2011 
2066 
1993 
1991 
2022 
2030 
2046 
2098 
2166 
2191 
2211 
2191 
2246 
2273 
2253 
2247 
2242 
2211 
2206 
2277 
2230 
2164 
2240 
2247 
2228 
2338 
2191 
2334 
2355 
2305 
2304 
2234 
2269 
2263 
2283 
2175 
2196 
2298 
2283 
2369 
2388 
2364 
2364 
2332 
2347 
2313 
2289 
2334 
2295 
2253 
2285 
2257 
2275 
2404 
2361 
2421 
2422 
2492 
2477 
2476 
2436 
2434 
2441 
2422 
2414 
2423 
2461 
2491 
2489 
2465 
2552 
2584 
2528 
2470 
2500 
2568 
2552 
2577 
2639 
2582 
2631 
2559 
2626 
2597 
2582 
2625 
2602 
2600 
2595 
2647 
2663 
2665 
2593 
2651 
2590 
2590 
2611 
2685 
2645 
2618 
2573 
2586 
2572 
2576 
2627 
2629 
2531 
2616 
2594 
2542 
2548 
2616 
2631 
2698 
2646 
2668 
2755 
2709 
2708 
2713 
2704 
2696 
2696 
2783 
2760 
2790 
2804 
2848 
2778 
2768 
2754 
2738 
2745 
2672 
2725 
2772 
2834 
2799 
2825 
2747 
2763 
2743 
2776 
2739 
2753 
2676 
2793 
2818 
2793 
2752 
2825 
2771 
2856 
2888 
2899 
2813 
2807 
2858 
2888 
2793 
2874 
2915 
2958 
2899 
2920 
2908 
2895 
2929 
2880 
2907 
2875 
2852 
2882 
2962 
2939 
2946 
2920 
2981 
2964 
2982 
3005 
3015 
3051 
3005 
2974 
2990 
2914 
2946 
2934 
2982 
3019 
3017 
2979 
3026 
3024 
3010 
2975 
3064 
3059 
3006 
3053 
3052 
3024 
2962 
3047 
3023 
3008 
2978 
3043 
3003 
2985 
2992 
3044 
3023 
2985 
3063 
2983 
3022 
3035 
3054 
3075 
3119 
3055 
3038 
3053 
3041 
3086 
3073 
3047 
3022 
3020 
3107 
3152 
3143 
3119 
3068 
3105 
3089 
3149 
3178 
3139 
3110 
3149 
3097 
3144 
3188 
3108 
3144 
3141 
3070 
3123 
3109 
3149 
3192 
3141 
3180 
3118 
3126 
3067 
3187 
3172 
3214 
3167 
3213 
3192 
3139 
3129 
3188 
3110 
3109 
3105 
3063 
3121 
3113 
3127 
3110 
3090 
3110 
3135 
3246 
3140 
3173 
3174 
3159 
3135 
3175 
3100 
3128 
3163 
3168 
3151 
3223 
3232 
3289 
3293 
3238 
3217 
3265 
