# "ClusterAnalysis.largest_size"
64 
73 
82 
75 
113 
78 
165 
173 
187 
213 
217 
286 
348 
337 
326 
384 
391 
381 
424 
495 
450 
520 
513 
563 
549 
598 
798 
632 
741 
670 
893 
868 
703 
721 
815 
732 
772 
781 
832 
845 
984 
1046 
1126 
959 
1000 
1002 
952 
890 
921 
1001 
1022 
1095 
1151 
1221 
1218 
1229 
1329 
1364 
1405 
1445 
1561 
1612 
1658 
1712 
1740 
1786 
1798 
1857 
1983 
2012 
2118 
2186 
2323 
2387 
2460 
2565 
2601 
3451 
3536 
2800 
2883 
2895 
2973 
2996 
3030 
3064 
3195 
3237 
3264 
3358 
3390 
3457 
3545 
3545 
3608 
6617 
3740 
6853 
3801 
7009 
7161 
