# "ClusterAnalysis.largest_size"
113 
108 
121 
183 
180 
141 
228 
206 
146 
242 
282 
468 
402 
491 
482 
458 
265 
440 
493 
542 
453 
532 
466 
508 
503 
594 
575 
679 
665 
666 
713 
736 
818 
855 
807 
848 
908 
914 
977 
1014 
1043 
1111 
1112 
1189 
1218 
1259 
1376 
1416 
1423 
1479 
1484 
1581 
1678 
1715 
1756 
1865 
1872 
1997 
2062 
2138 
2128 
2198 
2245 
2338 
2415 
2512 
2585 
2704 
2755 
2874 
2835 
2967 
3006 
3087 
3168 
3177 
3272 
3305 
3355 
3408 
3488 
3557 
3631 
3747 
3772 
3875 
3949 
4042 
4125 
4159 
4228 
4327 
4440 
4509 
4588 
4652 
4666 
4801 
4881 
4926 
5034 
