# "ClusterAnalysis.largest_size"
296 
239 
224 
186 
214 
423 
235 
203 
257 
337 
267 
293 
278 
419 
362 
438 
384 
352 
345 
360 
397 
580 
628 
783 
783 
728 
827 
870 
929 
809 
925 
950 
625 
941 
849 
900 
865 
836 
789 
860 
856 
750 
842 
759 
842 
864 
720 
702 
703 
730 
727 
707 
771 
724 
794 
770 
826 
874 
863 
925 
913 
879 
940 
955 
935 
924 
926 
959 
914 
973 
992 
928 
961 
964 
1000 
1055 
1019 
971 
958 
946 
1003 
910 
862 
914 
863 
986 
904 
835 
884 
918 
922 
897 
839 
932 
960 
998 
1014 
983 
963 
992 
955 
