# "ClusterAnalysis.largest_size"
231 
254 
271 
175 
224 
248 
358 
327 
449 
390 
433 
361 
488 
508 
444 
430 
537 
603 
497 
578 
452 
436 
575 
663 
684 
547 
698 
670 
607 
642 
858 
906 
868 
629 
795 
797 
814 
869 
847 
834 
895 
850 
839 
852 
1755 
866 
851 
1025 
878 
907 
924 
1028 
1094 
974 
1895 
951 
1026 
1980 
1847 
1868 
1831 
1803 
1774 
1937 
998 
1920 
1811 
1908 
1967 
1918 
1953 
1873 
1912 
1809 
1867 
1880 
1851 
1918 
1859 
1785 
1880 
1872 
1873 
1803 
1894 
1929 
2079 
2093 
1981 
1981 
1932 
1973 
1929 
1971 
2010 
2011 
2109 
2129 
2236 
2376 
2302 
