# "ClusterAnalysis.largest_size"
163 
138 
118 
115 
119 
111 
105 
105 
111 
108 
109 
106 
98 
109 
111 
106 
115 
102 
95 
97 
103 
99 
107 
102 
105 
109 
101 
103 
107 
99 
102 
95 
103 
97 
104 
100 
96 
101 
98 
95 
103 
102 
100 
104 
100 
101 
100 
99 
101 
103 
106 
100 
96 
99 
100 
103 
101 
101 
100 
105 
100 
103 
103 
103 
99 
98 
97 
98 
102 
102 
100 
100 
100 
102 
101 
99 
96 
99 
100 
96 
98 
105 
101 
101 
105 
98 
103 
100 
99 
101 
96 
97 
105 
98 
103 
91 
92 
102 
104 
102 
111 
