# "ClusterAnalysis.largest_size"
858 
838 
893 
935 
941 
966 
958 
1051 
947 
1032 
1085 
1084 
1172 
1153 
1089 
1129 
1168 
1100 
1139 
1116 
1094 
1157 
1132 
1219 
1198 
1208 
1211 
1205 
1267 
1282 
1266 
1244 
1262 
1317 
1401 
1402 
1377 
1428 
1446 
1469 
1531 
1537 
1494 
1528 
1578 
1632 
1672 
1709 
1701 
1740 
1669 
1657 
1689 
1682 
1725 
1686 
1752 
1824 
1827 
1877 
1903 
1901 
1927 
1946 
2008 
1975 
1988 
2088 
2098 
2128 
2158 
2102 
2188 
2181 
2222 
2218 
2251 
2224 
2201 
2242 
2301 
2276 
2304 
2344 
2285 
2260 
2322 
2384 
2294 
2327 
2266 
2413 
2367 
2307 
2306 
2324 
2323 
2325 
2409 
2340 
2307 
2410 
2419 
2325 
2342 
2421 
2400 
2371 
2415 
2362 
2411 
2404 
2430 
2429 
2417 
2308 
2357 
2400 
2456 
2326 
2386 
2287 
2375 
2355 
2391 
2435 
2457 
2433 
2461 
2455 
2481 
2491 
2516 
2447 
2430 
2475 
2465 
2535 
2406 
2478 
2452 
2556 
2555 
2482 
2528 
2512 
2526 
2564 
2617 
2596 
2606 
2628 
2627 
2646 
2587 
2635 
2606 
2645 
2680 
2645 
2633 
2720 
2668 
2672 
2732 
2755 
2715 
2719 
2778 
2785 
2755 
2760 
2780 
2805 
2836 
2802 
2778 
2794 
2803 
2745 
2703 
2708 
2707 
2761 
2727 
2729 
2779 
2740 
2817 
2742 
2738 
2779 
2800 
2745 
2825 
2781 
2733 
2860 
2822 
2857 
2898 
2835 
2910 
2910 
2896 
2851 
2866 
2851 
2840 
2839 
2888 
2912 
2910 
2905 
2991 
2932 
2877 
2933 
2918 
2970 
2915 
2879 
2955 
2911 
2874 
2846 
2822 
2841 
2866 
2875 
2872 
2859 
2940 
2900 
2895 
2893 
2932 
2871 
2901 
2892 
2914 
2908 
2960 
2889 
2890 
2872 
2960 
2916 
2968 
3032 
2978 
2994 
2966 
2975 
2974 
3011 
3103 
3041 
3094 
3031 
3074 
3077 
3015 
3041 
3015 
3041 
2993 
3057 
2952 
2940 
2980 
2964 
2928 
2969 
2916 
2991 
3048 
2956 
3045 
2981 
2947 
2940 
3005 
2910 
2936 
2950 
2936 
3044 
3009 
3066 
3008 
3042 
3169 
3129 
3104 
3104 
3078 
2989 
3064 
2989 
3010 
3064 
3100 
3056 
3071 
3101 
3085 
3065 
3085 
3071 
3057 
3052 
3057 
3109 
3139 
3045 
3043 
3090 
3090 
3073 
3059 
3099 
3102 
3171 
3068 
3064 
3152 
3117 
3074 
3179 
3182 
3124 
3157 
3195 
3179 
3227 
3221 
3175 
3193 
3195 
3231 
3250 
3187 
3240 
3305 
3343 
3354 
3362 
3345 
3402 
3348 
3348 
3224 
3246 
3227 
3231 
3239 
3328 
3288 
3267 
3301 
3316 
3350 
3282 
3318 
3315 
3307 
3380 
3330 
3364 
3371 
3402 
3399 
3407 
3393 
3374 
3348 
3364 
3267 
3325 
3276 
3296 
3399 
3302 
3343 
3397 
3402 
3390 
3378 
3359 
3376 
3424 
3401 
3458 
3395 
3446 
3373 
3381 
3390 
3373 
3466 
