# "ClusterAnalysis.largest_size"
1673 
1683 
1734 
1711 
1707 
1736 
1802 
1763 
1824 
1895 
1957 
1939 
1984 
2017 
2014 
2027 
1998 
2045 
2049 
2076 
2123 
2142 
2137 
2142 
2192 
2235 
2295 
2235 
2280 
2342 
2341 
2302 
2322 
2354 
2293 
2252 
2254 
2293 
2320 
2300 
2293 
2305 
2312 
2254 
2303 
2347 
2368 
2421 
2444 
2375 
2369 
2374 
2376 
2300 
2258 
2249 
2259 
2333 
2333 
2321 
2313 
2386 
2375 
2463 
2432 
2481 
2501 
2479 
2450 
2421 
2421 
2445 
2429 
2417 
2446 
2416 
2381 
2401 
2342 
2344 
2409 
2373 
2374 
2433 
2402 
2528 
2507 
2554 
2561 
2510 
2577 
2558 
2474 
2434 
2514 
2543 
2574 
2464 
2517 
2469 
2478 
2521 
2545 
2602 
2546 
2594 
2497 
2512 
2452 
2541 
2611 
2526 
2480 
2485 
2461 
2473 
2485 
2533 
2511 
2579 
2574 
2546 
2627 
2590 
2542 
2580 
2558 
2552 
2644 
2590 
2663 
2714 
2668 
2665 
2625 
2614 
2625 
2582 
2668 
2659 
2655 
2709 
2655 
2642 
2663 
2668 
2627 
2645 
2700 
2686 
2689 
2762 
2737 
2751 
2743 
2690 
2708 
2722 
2738 
2830 
2825 
2826 
2825 
2846 
2829 
2790 
2827 
2839 
2788 
2856 
2797 
2737 
2797 
2782 
2805 
2807 
2790 
2849 
2774 
2835 
2808 
2730 
2773 
2749 
2700 
2688 
2704 
2805 
2772 
2798 
2690 
2755 
2760 
2746 
2799 
2838 
2793 
2823 
2855 
2784 
2813 
2927 
2880 
2872 
2863 
2906 
2884 
2867 
2837 
2810 
2817 
2856 
2849 
2893 
2887 
2935 
2965 
2916 
2898 
2931 
2917 
2911 
3020 
2960 
2993 
2982 
2969 
3015 
3015 
3087 
3165 
3108 
3130 
3211 
3178 
3203 
3193 
3117 
3175 
3170 
3144 
3006 
3115 
3129 
3173 
3173 
3207 
3183 
3154 
3158 
3145 
3052 
3123 
3157 
3123 
3174 
3138 
3170 
3170 
3170 
3157 
3208 
3225 
3280 
3247 
3296 
3268 
3258 
3179 
3250 
3240 
3212 
3202 
3183 
3171 
3233 
3174 
3251 
3247 
3237 
3251 
3207 
3292 
3327 
3417 
3343 
3392 
3339 
3308 
3342 
3343 
3332 
3311 
3324 
3265 
3265 
3305 
3307 
3257 
3271 
3267 
3300 
3334 
3362 
3424 
3373 
3384 
3346 
3359 
3317 
3410 
3383 
3344 
3308 
3353 
3378 
3441 
3417 
3432 
3414 
3376 
3420 
3335 
3330 
3390 
3437 
3448 
3392 
3407 
3459 
3443 
3475 
3466 
3447 
3449 
3396 
3366 
3427 
3432 
3449 
3439 
3481 
3441 
3416 
3455 
3456 
3503 
3440 
3500 
3497 
3491 
3497 
3484 
3534 
3428 
3485 
3536 
3572 
3488 
3535 
3481 
3480 
3484 
3400 
3430 
3460 
3466 
3476 
3445 
3457 
3460 
3425 
3461 
3542 
3470 
3436 
3447 
3504 
3509 
3485 
3478 
3450 
3482 
3478 
3510 
3501 
3503 
3553 
3534 
3520 
3519 
3522 
3561 
3517 
3557 
3499 
3612 
3626 
3578 
3584 
3588 
