# "ClusterAnalysis.largest_size"
883 
818 
755 
789 
693 
658 
563 
581 
607 
613 
563 
619 
621 
565 
606 
645 
604 
625 
574 
563 
578 
632 
626 
650 
669 
607 
616 
612 
643 
642 
672 
675 
725 
789 
760 
795 
771 
793 
749 
679 
802 
783 
841 
893 
918 
869 
958 
945 
942 
978 
968 
1012 
1033 
1066 
1099 
1138 
1193 
1160 
1111 
1206 
1209 
1145 
1181 
1200 
1180 
1222 
1224 
1182 
1243 
1228 
1253 
1292 
1275 
1272 
1241 
1231 
1211 
1240 
1202 
1197 
1205 
1261 
1366 
1325 
1361 
1340 
1292 
1316 
1343 
1298 
1359 
1276 
1317 
1303 
1322 
1347 
1384 
1421 
1410 
1463 
1431 
1419 
1473 
1420 
1414 
1427 
1307 
1313 
1330 
1400 
1400 
1422 
1403 
1438 
1481 
1424 
1394 
1382 
1441 
1405 
1394 
1459 
1518 
1469 
1473 
1506 
1464 
1511 
1519 
1549 
1528 
1534 
1532 
1570 
1519 
1534 
1478 
1616 
1614 
1622 
1671 
1722 
1591 
1654 
1649 
1686 
1716 
1656 
1666 
1727 
1664 
1626 
1658 
1706 
1707 
1681 
1695 
1732 
1679 
1725 
1637 
1747 
1794 
1740 
1774 
1790 
1744 
1761 
1721 
1738 
1781 
1656 
1769 
1817 
1847 
1879 
1840 
1812 
1872 
1835 
1788 
1823 
1765 
1767 
1783 
1860 
1867 
1898 
1846 
1811 
1813 
1808 
1782 
1834 
1735 
1714 
1735 
1761 
1743 
1803 
1809 
1842 
1908 
1817 
1830 
1825 
1836 
1894 
1827 
1873 
1895 
1912 
1846 
1893 
1893 
1929 
1939 
1967 
1957 
1951 
1957 
1949 
1979 
1993 
2014 
1959 
1939 
1979 
2000 
2008 
1980 
2008 
2027 
1992 
2003 
2010 
2059 
1978 
2034 
2065 
2159 
2108 
2173 
2150 
2141 
2104 
2099 
2097 
2090 
2056 
2029 
2144 
2068 
2096 
2066 
2103 
2078 
2012 
1985 
2040 
2057 
1993 
2082 
2038 
2080 
2123 
2059 
2106 
2177 
2160 
2187 
2177 
2175 
2163 
2190 
2108 
2111 
2091 
2066 
2113 
2092 
2158 
2126 
2099 
2120 
2146 
2081 
2098 
2108 
2155 
2147 
2059 
2042 
2168 
2138 
2134 
2156 
2207 
2183 
2242 
2197 
2150 
2183 
2155 
2187 
2279 
2259 
2208 
2279 
2336 
2316 
2307 
2346 
2282 
2286 
2231 
2298 
2297 
2313 
2357 
2333 
2274 
2272 
2267 
2289 
2287 
2229 
2276 
2317 
2297 
2291 
2262 
2286 
2299 
2268 
2291 
2360 
2348 
2343 
2308 
2303 
2330 
2311 
2350 
2359 
2428 
2368 
2381 
2398 
2328 
2359 
2407 
2355 
2325 
2409 
2374 
2392 
2446 
2392 
2421 
2308 
2376 
2342 
2288 
2320 
2400 
2379 
2346 
2378 
2449 
2454 
2483 
2432 
2459 
2505 
2509 
2450 
2401 
2448 
2460 
2507 
2473 
2452 
2438 
2418 
2470 
2459 
2393 
2431 
2465 
2460 
2486 
2485 
2483 
2434 
2469 
2505 
2486 
2508 
2510 
2576 
