# "ClusterAnalysis.largest_size"
381 
295 
280 
228 
181 
100 
151 
59 
69 
30 
54 
34 
25 
52 
46 
37 
31 
46 
39 
31 
33 
32 
28 
28 
25 
33 
37 
136 
29 
23 
29 
42 
32 
24 
50 
30 
26 
41 
51 
29 
32 
26 
41 
27 
42 
41 
26 
35 
23 
40 
29 
42 
37 
61 
29 
50 
22 
31 
26 
32 
31 
30 
36 
35 
23 
25 
47 
30 
33 
35 
34 
25 
36 
65 
52 
32 
71 
38 
38 
52 
39 
30 
25 
31 
37 
27 
44 
42 
47 
35 
28 
60 
51 
24 
50 
67 
34 
63 
27 
33 
25 
27 
29 
26 
70 
41 
27 
45 
46 
46 
34 
35 
33 
30 
36 
84 
28 
42 
59 
30 
23 
46 
55 
39 
62 
34 
44 
35 
51 
58 
31 
54 
42 
64 
45 
49 
28 
31 
27 
39 
41 
32 
33 
44 
53 
45 
27 
43 
26 
38 
32 
44 
45 
38 
56 
52 
57 
25 
46 
40 
41 
27 
57 
37 
63 
37 
38 
27 
47 
46 
51 
30 
56 
50 
37 
62 
44 
65 
44 
61 
44 
29 
39 
35 
42 
41 
60 
51 
48 
45 
32 
36 
48 
47 
26 
45 
52 
32 
55 
49 
40 
47 
57 
45 
31 
46 
36 
53 
49 
36 
66 
46 
40 
40 
49 
52 
45 
30 
58 
27 
27 
53 
35 
57 
33 
83 
56 
52 
42 
52 
31 
65 
59 
36 
50 
103 
64 
46 
48 
35 
62 
71 
42 
55 
51 
60 
68 
43 
61 
77 
52 
59 
51 
38 
42 
30 
28 
48 
70 
57 
48 
46 
71 
64 
50 
81 
129 
123 
77 
77 
48 
156 
95 
94 
41 
48 
86 
113 
62 
64 
85 
101 
101 
145 
105 
88 
45 
57 
41 
64 
54 
67 
60 
38 
37 
41 
53 
69 
65 
65 
41 
43 
36 
70 
65 
45 
51 
41 
107 
99 
57 
42 
85 
41 
42 
32 
43 
47 
43 
55 
43 
55 
145 
53 
84 
54 
91 
95 
73 
68 
106 
85 
102 
122 
42 
73 
47 
57 
49 
39 
45 
61 
46 
75 
45 
53 
46 
55 
83 
53 
56 
88 
43 
80 
96 
144 
156 
57 
60 
129 
94 
38 
90 
70 
61 
51 
54 
72 
91 
61 
59 
106 
86 
83 
123 
75 
70 
90 
54 
79 
51 
51 
46 
34 
59 
43 
65 
78 
53 
46 
64 
35 
85 
57 
71 
48 
37 
34 
70 
74 
157 
